Imperial Imperial
1 0001010000000000000000000000000000000 8530
0 0  
ROOF BASICS
8 312.000000 0.463647 0.000000 0.000000 10.500000 1 1 1 8 3.500000 3.500000
4.163132 4.163115 4.000000 3.500000 4.000000 3.500000
0.250013 0.249996 24.000000
-1.000000 -1.000000
0 0
0
0 0
0 0 0 0 0 0 0 0 0 0 0 0 0 0
0 0.000000 0.000000
Piggyback Settings: 0 0 0 0.000000 0.000000 0 0.000000 0 0.000000 -1 -1 -1 -1 -1
Piggyback Gable Settings: 0 0.000000 0.000000
SHEATHING INFORMATION
0 1 ffffffff 0 0.000000 15000 15100 24.000000 0.463648 24.000000 0.463648 0 0.000000 0.000000 0.000000
0 1 ffffffff 0 0.000000 15000 15100 24.000000 0.463648 24.000000 0.463648 0 0.000000 0.000000 0.000000
HD  =0        
HD1 =4        
*
[Material Defaults]
39dc0d4d-31fc-723d-9a38-9e3e372c2e2e 1=0 2=1 3=2 5=3 a=2 b=0 c=4 13=1 1e=4 1f=4 20=4 21=4 22=4 24=2 40=3 

[Material Defaults, Map]
0=385b607f-f9cc-46fa-a998-6f409b247378,1,8,0.0000,0.0000,0.0000,0.0000,0
1=385b607f-f9cc-46fa-a998-6f409b247378,1,9,0.0000,0.0000,0.0000,0.0000,0
2=385b607f-f9cc-46fa-a998-6f409b247378,2,0,0.0000,0.0000,0.0000,0.0000,0
3=385b607f-f9cc-46fa-a998-6f409b247378,1,0,0.0000,0.0000,0.0000,0.0000,0
4=385b607f-f9cc-46fa-a998-6f409b247378,2,8,0.0000,0.0000,0.0000,0.0000,0
MEMBER INFO
  82.16,2x4,2x4,2x4
21 0 0 0 0 0 0 0 0 0 0 0 
  0 T1 2 2 1 1 0 0 1 1 1 8 1 0 0 0 0 0 385b607f-f9cc-46fa-a998-6f409b247378 0 1 0 1 -100.000000 xxx xxx 0 0 0 0 0 0 0 0 0 0 0 0 0 -1 0 0.000000 0.000000 0.000000 0.000000 0 0 1 0 0 0 0 0 0 0 0 0 0 0 0 0 0 2 2
1 0
2x4,No.2,SP, 1.50, 3.50,174.4133,174.4133,174.4133,176.1875,4,T1,2,192.00,0,0,0
  0.000,  0.250,  0.000,  4.163,156.000, 82.163,156.000, 78.250
0 0 0.000000 0.000000
  1 T2 2 2 1 1 0 0 1 1 1 8 1 0 0 0 0 0 385b607f-f9cc-46fa-a998-6f409b247378 0 1 0 1 -100.000000 xxx xxx 0 0 0 0 0 0 0 0 0 0 0 0 0 -1 0 0.000000 0.000000 0.000000 0.000000 0 0 1 0 0 0 0 0 0 0 0 0 0 0 0 0 0 2 2
1 0
2x4,No.2,SP, 1.50, 3.50,186.1527,186.1527,186.1527,187.8750,4,T2,2,192.00,0,0,0
156.000, 78.250,156.000, 82.163,322.500, -1.087,322.500, -5.000
0 0 0.000000 0.000000
  2 PT1 8 6 0 1 3 0 0 0 0 0 1 0 0 0 0 0 ffffffff 0 1 0 1 -100.000000 xxx xxx 0 0 0 0 0 0 0 0 0 0 0 0 0 0 0 999.989990 999.989990 0.000000 0.000000 0 0 0 0 0 0 0 0 0 0 0 0 0 0 0 0 0 2 2
0 0
2x4,No.2,SP, 0.00, 0.00,  0.0000,  0.0000,  0.0000,  0.0000,2,PT1,1, 0.00,0,0,0
156.000,  0.000,156.000,  0.000
0 0 0.000000 0.000000
  3 B1 3 2 2 1 0 0 2 1 1 9 1 0 0 0 0 0 385b607f-f9cc-46fa-a998-6f409b247378 0 1 0 1 -100.000000 xxx xxx 0 0 0 0 0 0 0 0 0 0 0 0 0 -1 0 0.000000 0.000000 0.000000 0.000000 0 0 1 0 0 0 0 0 0 0 0 0 0 0 0 0 0 0 2
1 0
2x4,No.2,SP, 1.50, 3.50,137.5000,141.0000,144.0000,144.0000,5,B2,2,144.00,0,0,0
168.000,  0.000,168.000,  3.500,305.500,  3.500,312.000,  0.250,312.000,  0.000
0 0 0.000000 0.000000
  4 DT1 8 6 0 1 3 0 0 0 0 0 1 0 0 0 0 0 ffffffff 0 1 0 1 -100.000000 xxx xxx 0 0 0 0 0 0 0 0 0 0 0 0 0 0 0 999.989990 999.989990 0.000000 0.000000 0 0 0 0 0 0 0 0 0 0 0 0 0 0 0 0 0 2 2
0 0
2x4,No.2,SP, 0.00, 0.00,  0.0000,  0.0000,  0.0000,  0.0000,2,DT1,1, 0.00,0,0,0
 81.250,  0.000, 81.250,  0.000
0 0 0.000000 0.000000
  5 DT2 8 6 0 1 3 0 0 0 0 0 1 0 0 0 0 0 ffffffff 0 1 0 1 -100.000000 xxx xxx 0 0 0 0 0 0 0 0 0 0 0 0 0 0 0 999.989990 999.989990 0.000000 0.000000 0 0 0 0 0 0 0 0 0 0 0 0 0 0 0 0 0 2 2
0 0
2x4,No.2,SP, 0.00, 0.00,  0.0000,  0.0000,  0.0000,  0.0000,2,DT2,1, 0.00,0,0,0
230.750,  0.000,230.750,  0.000
0 0 0.000000 0.000000
  6 DB1 9 1 0 1 3 0 0 0 0 0 1 0 0 0 0 0 ffffffff 0 1 0 1 -100.000000 xxx xxx 0 0 0 0 0 0 0 0 0 0 0 0 0 0 0 999.989990 999.989990 0.000000 0.000000 0 0 0 0 0 0 0 0 0 0 0 0 0 0 0 0 0 2 2
0 0
2x4,No.2,SP, 0.00, 0.00,  0.0000,  0.0000,  0.0000,  0.0000,2,DB1,1, 0.00,0,0,0
122.324,  0.000,122.324,  0.000
0 0 0.000000 0.000000
  7 DB2 9 1 0 1 3 0 0 0 0 0 1 0 0 0 0 0 ffffffff 0 1 0 1 -100.000000 xxx xxx 0 0 0 0 0 0 0 0 0 0 0 0 0 0 0 999.989990 999.989990 0.000000 0.000000 0 0 0 0 0 0 0 0 0 0 0 0 0 0 0 0 0 2 2
0 0
2x4,No.2,SP, 0.00, 0.00,  0.0000,  0.0000,  0.0000,  0.0000,2,DB2,1, 0.00,0,0,0
189.676,  0.000,189.676,  0.000
0 0 0.000000 0.000000
  8 W1 4 3 0 1 0 1 3 2 2 0 1 0 0 0 0 0 385b607f-f9cc-46fa-a998-6f409b247378 0 1 0 1 -100.000000 xxx xxx 0 0 0 0 0 0 0 0 0 0 0 0 0 -1 0 0.000000 0.000000 0.000000 0.000000 0 0 1 0 0 0 0 0 0 0 0 0 0 0 0 0 0 0 0
2 0
2x4,No.3,SP, 1.50, 3.50, 75.9543, 81.9860, 77.3129, 82.0000,6,W2,3,84.00,0,0,0
187.757,  3.500,189.676,  3.500,189.676,  7.760,158.477, 77.011,156.000, 78.250,156.000, 73.990
0 0 0.000000 0.000000
  9 W2 4 3 0 1 0 1 3 2 2 0 1 0 0 0 0 0 385b607f-f9cc-46fa-a998-6f409b247378 0 1 0 1 -100.000000 xxx xxx 0 0 0 0 0 0 0 0 0 0 0 0 0 -1 0 0.000000 0.000000 0.000000 0.000000 0 0 1 0 0 0 0 0 0 0 0 0 0 0 0 0 0 0 0
2 0
2x4,No.3,SP, 1.50, 3.50, 53.2642, 55.5331, 54.2864, 56.1875,5,W1,3,60.00,0,0,0
189.676,  5.866,189.676,  3.500,192.277,  3.500,232.428, 40.036,229.072, 41.714
0 0 0.000000 0.000000
 10 W3 4 3 0 1 0 1 3 2 2 0 1 0 0 0 0 0 385b607f-f9cc-46fa-a998-6f409b247378 0 1 0 1 -100.000000 xxx xxx 0 0 0 0 0 0 0 0 0 0 0 0 0 -1 0 0.000000 0.000000 0.000000 0.000000 0 0 1 0 0 0 0 0 0 0 0 0 0 0 0 0 0 0 0
2 0
2x4,No.3,SP, 1.50, 3.50, 75.9543, 81.9859, 77.3130, 82.0000,6,W2,3,84.00,0,0,0
122.324,  7.760,122.324,  3.500,124.243,  3.500,156.000, 73.990,156.000, 78.250,153.523, 77.011
0 0 0.000000 0.000000
 11 W4 4 3 0 1 0 1 3 2 2 0 1 0 0 0 0 0 385b607f-f9cc-46fa-a998-6f409b247378 0 1 0 1 -100.000000 xxx xxx 0 0 0 0 0 0 0 0 0 0 0 0 0 -1 0 0.000000 0.000000 0.000000 0.000000 0 0 1 0 0 0 0 0 0 0 0 0 0 0 0 0 0 0 0
2 0
2x4,No.3,SP, 1.50, 3.50, 53.2642, 55.5331, 54.2864, 56.1875,5,W1,3,60.00,0,0,0
119.723,  3.500,122.324,  3.500,122.324,  5.866, 82.928, 41.714, 79.572, 40.036
0 0 0.000000 0.000000
 12 BR1 18 6 0 1 3 0 0 0 0 0 1 0 0 0 0 0 ffffffff 0 1 0 1 -100.000000 xxx xxx 0 0 0 0 0 0 0 0 0 0 0 0 0 0 0 999.989990 999.989990 0.000000 0.000000 0 0 0 0 0 0 0 0 0 0 0 0 0 0 0 0 0 2 2
0 0
2x4,No.2,SP, 0.00, 0.00,  0.0000,  0.0000,  0.0000,  0.0000,2,BR1,1, 0.00,0,0,0
308.000,  0.000,308.000,  0.000
0 0 0.000000 0.000000
 13 BR2 18 6 0 1 3 0 0 0 0 0 1 0 0 0 0 0 ffffffff 0 1 0 1 -100.000000 xxx xxx 0 0 0 0 0 0 0 0 0 0 0 0 0 0 0 999.989990 999.989990 0.000000 0.000000 0 0 0 0 0 0 0 0 0 0 0 0 0 0 0 0 0 2 2
0 0
2x4,No.2,SP, 0.00, 0.00,  0.0000,  0.0000,  0.0000,  0.0000,2,BR2,1, 0.00,0,0,0
312.000,  0.000,312.000,  0.000
0 0 0.000000 0.000000
 14 HVL 1 1 0 1 3 0 0 0 0 0 1 0 0 0 0 0 ffffffff 0 1 0 1 -100.000000 xxx xxx 0 0 0 0 0 0 0 0 0 0 0 0 0 0 0 999.989990 999.989990 0.000000 0.000000 0 0 0 0 0 0 0 0 0 0 0 0 0 0 0 0 0 2 2
0 0
2x4,No.2,SP, 0.00, 0.00,  0.0000,  0.0000,  0.0000,  0.0000,2,HVL,1, 0.00,0,0,0
  0.000,  0.000,  0.000,  0.000
0 0 0.000000 0.000000
 15 HVR 1 1 0 1 3 0 0 0 0 0 1 0 0 0 0 0 ffffffff 0 1 0 1 -100.000000 xxx xxx 0 0 0 0 0 0 0 0 0 0 0 0 0 0 0 999.989990 999.989990 0.000000 0.000000 0 0 0 0 0 0 0 0 0 0 0 0 0 0 0 0 0 2 2
0 0
2x4,No.2,SP, 0.00, 0.00,  0.0000,  0.0000,  0.0000,  0.0000,2,HVR,1, 0.00,0,0,0
312.000,  0.000,312.000,  0.000
0 0 0.000000 0.000000
 16 BR3 18 6 0 1 3 0 0 0 0 0 1 0 0 0 0 0 ffffffff 0 1 0 1 -100.000000 xxx xxx 0 0 0 0 0 0 0 0 0 0 0 0 0 0 0 999.989990 999.989990 0.000000 0.000000 0 0 0 0 0 0 0 0 0 0 0 0 0 0 0 0 0 2 2
0 0
2x4,No.2,SP, 0.00, 0.00,  0.0000,  0.0000,  0.0000,  0.0000,2,BR3,1, 0.00,0,0,0
310.000,  0.000,310.000,  0.000
0 0 0.000000 0.000000
 17 BR4 18 6 0 1 3 0 0 0 0 0 1 0 0 0 0 0 ffffffff 0 1 0 1 -100.000000 xxx xxx 0 0 0 0 0 0 0 0 0 0 0 0 0 0 0 999.989990 999.989990 0.000000 0.000000 0 0 0 0 0 0 0 0 0 0 0 0 0 0 0 0 0 2 2
0 0
2x4,No.2,SP, 0.00, 0.00,  0.0000,  0.0000,  0.0000,  0.0000,2,BR4,1, 0.00,0,0,0
  0.000,  0.000,  0.000,  0.000
0 0 0.000000 0.000000
 18 BR5 18 6 0 1 3 0 0 0 0 0 1 0 0 0 0 0 ffffffff 0 1 0 1 -100.000000 xxx xxx 0 0 0 0 0 0 0 0 0 0 0 0 0 0 0 999.989990 999.989990 0.000000 0.000000 0 0 0 0 0 0 0 0 0 0 0 0 0 0 0 0 0 2 2
0 0
2x4,No.2,SP, 0.00, 0.00,  0.0000,  0.0000,  0.0000,  0.0000,2,BR5,1, 0.00,0,0,0
  1.500,  0.000,  1.500,  0.000
0 0 0.000000 0.000000
 19 XS1 15 4 0 1 3 0 0 0 0 0 1 0 0 0 0 0 ffffffff 0 1 0 1 -100.000000 xxx xxx 0 0 0 0 0 0 0 0 0 0 0 0 0 0 0 999.989990 999.989990 0.000000 0.000000 0 0 0 0 0 0 0 0 0 0 0 0 0 0 0 0 0 2 2
0 0
2x4,No.2,SP, 0.00, 0.00,  0.0000,  0.0000,  0.0000,  0.0000,2,XS1,1, 0.00,0,0,0
168.000,  0.000,168.000,  0.000
0 0 0.000000 0.000000
 20 B2 3 1 2 1 0 0 2 1 1 9 1 0 0 0 0 0 385b607f-f9cc-46fa-a998-6f409b247378 0 0 0 1 -100.000000 xxx xxx 0 0 0 0 0 0 0 0 0 0 0 0 0 -1 0 0.000000 0.000000 0.000000 0.000000 0 0 0 0 0 0 0 0 0 0 0 0 0 0 0 0 0 0 2
1 0
2x4,No.2,SP, 1.50, 3.50,161.5000,165.0000,168.0000,168.0000,5,B1,2,168.00,0,0,0
168.000,  0.000,168.000,  3.500,  6.500,  3.500,  0.000,  0.250,  0.000,  0.000
0 0 0.000000 0.000000
  3 0  -1 0  -1 0  11 0  -1 0  -1 0 
  0 0   1 0 0.463647
     OWL 0
 11 0  -1 0  -1 0   4 0  -1 0  -1 0 
  2 0   1 0 -0.463648
     OWR 0
 -1 0  -1 0  -1 0  -1 0  -1 0  -1 0 
156.000000 0
 28 0  -1 0  -1 0   2 0  10 2  -1 0 
  0 0   1 0 0.000000
0.000000 0
 -1 0  -1 0  -1 0  -1 0  -1 0  -1 0 
81.249992 0
 -1 0  -1 0  -1 0  -1 0  -1 0  -1 0 
230.749985 0
 -1 0  -1 0  -1 0  -1 0  -1 0  -1 0 
  0 0 122.323547 0
 -1 0  -1 0  -1 0  -1 0  -1 0  -1 0 
  2 0 -122.323593 0
 12 1  16 0  -1 0  10 2  11 0  -1 0 
 12 1  16 0  10 2  11 0 0.000000 0
 12 1  16 0  -1 0  10 2  -1 0  -1 0 
 12 1  16 0  10 2  14 0 0.000000 0
 29 1  15 0  -1 0   9 2  11 0  -1 0 
 29 1  15 0   9 2  11 0 0.000000 0
 29 1  15 0  -1 0   9 2  -1 0  -1 0 
 29 1  15 0   9 2  13 0 0.000000 0
 -1 0  -1 0  -1 0  -1 0  -1 0  -1 0 
308.000000 0
 -1 0  -1 0  -1 0  -1 0  -1 0  -1 0 
312.000000 0
 -1 0  -1 0  -1 0  -1 0  -1 0  -1 0 
  0 0 0.000000 0
 -1 0  -1 0  -1 0  -1 0  -1 0  -1 0 
  2 0 0.000000 0
 -1 0  -1 0  -1 0  -1 0  -1 0  -1 0 
310.000000 0
 -1 0  -1 0  -1 0  -1 0  -1 0  -1 0 
0.000000 0
 -1 0  -1 0  -1 0  -1 0  -1 0  -1 0 
1.500000 0
 -1 0  -1 0  -1 0  -1 0  -1 0  -1 0 
 10 2   2 0  12 0 -144.000000 0
 28 0  -1 0  -1 0   0 0   9 2  -1 0 
 12 2 0.000000 0
1 0 0
168.000000 0.000000 168.000000 3.500000 12 29 0 0 -144.000000 28 -1 B1 0
NONE 0
0
BEARING INFO
2 208.066223
0 1 1.500000 0.000000 0.000000 1 3 2 0 2 BR4 BR5 0 385b607f-f9cc-46fa-a998-6f409b247378 0 0 0 0 0 1.500000 0 0 -1.000000 4.712389 1 0 0
0 0 4.000000 312.000000 0.000000 2 3 2 0 0 BR1 BR2 0 385b607f-f9cc-46fa-a998-6f409b247378 1 0 0 0 0 1.500000 0 1 -1.000000 4.712389 1 0 0
7 4 0 0.000000 0.000000 0 0.000000 1.500000 1.500000 0.000000 0 1 0
0.000000 0.000000
0.000000 4.163132
156.000000 82.163109
312.000000 4.163115
312.000000 0.000000
0.000000 0.000000
312.000000 0.000000
5
0 2 2 0 3
0
0
1
3 1001
Overall Truss Height: 7-3-3
NOTES
<S>
<E>
TRUSS INFO
Common COMMON NOT_SET
, 0 0.000000 0 1 0.000000 0 ;"1st Floor"
ROOF DESIGN INFO
1 65 0 0 1 1 1 1 1 2 0.000000 0.000000 1 0 1 0 1 110 0 0.000000 0 0 0.000000 0.000000 0.000000 1 0 0 0 1 0 0 0 0 0 0 0 0 0 0 2 24.000000 0 0 0 0 0 0 3 0 0 0 1 1 1 0 0 0 0.000000 0 1.000000 0 0 230 0 0 0 0 0 1 4 0 5 b641ed28-889c-46cf-a377-77277d79f22b b641ed28-889c-46cf-a377-77277d79f22b b641ed28-889c-46cf-a377-77277d79f22b 2.000000 3.000000 1 0 1 2 4 4 b641ed28-889c-46cf-a377-77277d79f22b 0 385b607f-f9cc-46fa-a998-6f409b247378 0 0 1 1 1 2 3 0 ee2949f0-2124-4048-bf0e-12b1d5aa5db5 1 18.000000 10.000000 12.000000 0.000000 0 1 0 f06ef0df-a70b-4bc3-9de4-e3a98d907ed5 ce30361c-de0a-404e-a8b0-2d80c2543980 0 0 0 0 1.500000 1 1 1.000000 1.000000 1.000000 0
IRC2015/TPI2014
[DeflnLimitsRoof]
Live Loads=360,2.000;180,0.750;180,0.750;180,0.750;180,0.750;180,0.750;180,0.750;90,0.750;90,1.250;
Total Load=240,2.500;120,1.000;120,1.000;120,1.000;120,1.000;120,1.000;120,1.000;90,1.000;90,1.250;
Wind Live=360,2.000;180,0.750;180,0.750;180,0.750;180,0.750;180,0.750;180,0.750;90,0.750;90,1.250;
Wind Total=240,3.000;120,1.000;120,1.000;120,1.000;120,1.000;120,1.000;120,1.000;90,1.000;90,1.250;
REACTION INFO
33
2 -1 -1 -1 -1 0.000000 312.000000 3 3 1 1 1.150000
0    919.652 1      0.000      2.207 2 -1     -0.000      0.000
0    519.706 1      0.000      2.207 2 0      0.000      0.000      1.000
0    399.946 1      0.000      2.207 2 4     -0.000      0.000      1.000
0    965.598 5    312.000      2.207 2 -1      0.000      0.000
0      0.000 5    312.000      2.207 2 0      0.000      0.000      1.000
0      0.000 5    312.000      2.207 2 4      0.000      0.000      1.000
2 -1 -1 -1 -1 0.000000 312.000000 3 3 1 1 1.150000
0   1039.117 1      0.000      2.207 2 -1      0.000      0.000
0    519.706 1      0.000      2.207 2 0      0.000      0.000      1.000
0    519.411 1      0.000      2.207 2 10      0.000      0.000      1.000
0   1093.383 5    312.000      2.207 2 -1      0.000      0.000
0      0.000 5    312.000      2.207 2 0      0.000      0.000      1.000
0      0.000 5    312.000      2.207 2 10      0.000      0.000      1.000
2 -1 -1 -1 -1 0.000000 312.000000 4 3 1 1 1.150000
0    940.391 1      0.000      2.207 2 -1      0.000      0.000
0    519.706 1      0.000      2.207 2 0      0.000      0.000      1.000
0     31.127 1      0.000      2.207 2 1     -0.000      0.000      0.750
0    389.558 1      0.000      2.207 2 10      0.000      0.000      0.750
0    985.447 5    312.000      2.207 2 -1      0.000      0.000
0      0.000 5    312.000      2.207 2 0      0.000      0.000      1.000
0      0.000 5    312.000      2.207 2 1      0.000      0.000      0.750
0      0.000 5    312.000      2.207 2 10      0.000      0.000      0.750
2 -1 -1 -1 -1 0.000000 312.000000 4 3 1 1 1.150000
0    850.792 1      0.000      2.207 2 -1     -0.000      0.000
0    519.706 1      0.000      2.207 2 0      0.000      0.000      1.000
0     31.127 1      0.000      2.207 2 1     -0.000      0.000      0.750
0    299.960 1      0.000      2.207 2 4      0.000      0.000      0.750
0    889.608 5    312.000      2.207 2 -1      0.000      0.000
0      0.000 5    312.000      2.207 2 0      0.000      0.000      1.000
0      0.000 5    312.000      2.207 2 1      0.000      0.000      0.750
0      0.000 5    312.000      2.207 2 4      0.000      0.000      0.750
2 -1 -1 -1 -1 0.000000 312.000000 4 3 1 1 1.150000
0    830.197 1      0.000      2.207 2 -1      0.000      0.000
0    519.706 1      0.000      2.207 2 0      0.000      0.000      1.000
0     31.127 1      0.000      2.207 2 1     -0.000      0.000      0.750
0    279.364 1      0.000      2.207 2 4      0.000      0.000      0.750
0    741.827 5    312.000      2.207 2 -1      0.000      0.000
0      0.000 5    312.000      2.207 2 0      0.000      0.000      1.000
0      0.000 5    312.000      2.207 2 1      0.000      0.000      0.750
0      0.000 5    312.000      2.207 2 4      0.000      0.000      0.750
2 -1 -1 -1 -1 0.000000 312.000000 4 3 1 1 1.150000
0    714.918 1      0.000      2.207 2 -1     -0.000      0.000
0    519.706 1      0.000      2.207 2 0      0.000      0.000      1.000
0     31.127 1      0.000      2.207 2 1     -0.000      0.000      0.750
0    164.086 1      0.000      2.207 2 4     -0.000      0.000      0.750
0    865.100 5    312.000      2.207 2 -1      0.000      0.000
0      0.000 5    312.000      2.207 2 0      0.000      0.000      1.000
0      0.000 5    312.000      2.207 2 1      0.000      0.000      0.750
0      0.000 5    312.000      2.207 2 4      0.000      0.000      0.750
2 -1 -1 -1 -1 0.000000 312.000000 3 3 1 5 1.250000
0    779.706 1      0.000      2.207 2 -1     -0.000      0.000
0    519.706 1      0.000      2.207 2 0      0.000      0.000      1.000
0    260.000 1      0.000      2.207 2 1     -0.000      0.000      1.000
0    797.794 5    312.000      2.207 2 -1      0.000      0.000
0      0.000 5    312.000      2.207 2 0      0.000      0.000      1.000
0      0.000 5    312.000      2.207 2 1      0.000      0.000      1.000
2 -1 -1 -1 -1 0.000000 312.000000 4 3 1 -1 1.600000
0    102.361 1      0.000      2.207 2 -1    -91.971      0.000
0    311.823 1      0.000      2.207 2 0     -0.000      0.000      1.000
0   -133.078 1      0.000      2.207 2 5    -91.971      0.000      1.000
0    -76.384 1      0.000      2.207 2 6     -0.000      0.000      1.000
0     33.358 5    312.000      2.207 2 -1      0.000      0.000
0      0.000 5    312.000      2.207 2 0      0.000      0.000      1.000
0      0.000 5    312.000      2.207 2 5      0.000      0.000      1.000
0      0.000 5    312.000      2.207 2 6      0.000      0.000      1.000
2 -1 -1 -1 -1 0.000000 312.000000 4 3 1 -1 1.600000
0     40.010 1      0.000      2.207 2 -1     72.391      0.000
0    311.823 1      0.000      2.207 2 0     -0.000      0.000      1.000
0   -195.429 1      0.000      2.207 2 5     72.391      0.000      1.000
0    -76.384 1      0.000      2.207 2 6     -0.000      0.000      1.000
0     89.970 5    312.000      2.207 2 -1      0.000      0.000
0      0.000 5    312.000      2.207 2 0      0.000      0.000      1.000
0      0.000 5    312.000      2.207 2 5      0.000      0.000      1.000
0      0.000 5    312.000      2.207 2 6      0.000      0.000      1.000
2 -1 -1 -1 -1 0.000000 312.000000 4 3 1 -1 1.600000
0    463.012 1      0.000      2.207 2 -1    -91.971      0.000
0    519.706 1      0.000      2.207 2 0      0.000      0.000      1.000
0   -133.078 1      0.000      2.207 2 5    -91.971      0.000      1.000
0     76.384 1      0.000      2.207 2 6      0.000      0.000      1.000
0    401.245 5    312.000      2.207 2 -1      0.000      0.000
0      0.000 5    312.000      2.207 2 0      0.000      0.000      1.000
0      0.000 5    312.000      2.207 2 5      0.000      0.000      1.000
0      0.000 5    312.000      2.207 2 6      0.000      0.000      1.000
2 -1 -1 -1 -1 0.000000 312.000000 4 3 1 -1 1.600000
0    400.316 1      0.000      2.207 2 -1     80.888      0.000
0    519.706 1      0.000      2.207 2 0      0.000      0.000      1.000
0   -195.774 1      0.000      2.207 2 5     80.888      0.000      1.000
0     76.384 1      0.000      2.207 2 6      0.000      0.000      1.000
0    475.196 5    312.000      2.207 2 -1      0.000      0.000
0      0.000 5    312.000      2.207 2 0      0.000      0.000      1.000
0      0.000 5    312.000      2.207 2 5      0.000      0.000      1.000
0      0.000 5    312.000      2.207 2 6      0.000      0.000      1.000
2 -1 -1 -1 -1 0.000000 312.000000 4 3 1 -1 1.600000
0   -146.539 1      0.000      2.207 2 -1    107.008      0.000
0    311.823 1      0.000      2.207 2 0     -0.000      0.000      1.000
0   -381.978 1      0.000      2.207 2 5    107.008      0.000      1.000
0    -76.384 1      0.000      2.207 2 6     -0.000      0.000      1.000
0    -65.841 5    312.000      2.207 2 -1      0.000      0.000
0      0.000 5    312.000      2.207 2 0      0.000      0.000      1.000
0      0.000 5    312.000      2.207 2 5      0.000      0.000      1.000
0      0.000 5    312.000      2.207 2 6      0.000      0.000      1.000
2 -1 -1 -1 -1 0.000000 312.000000 4 3 1 -1 1.600000
0    -60.629 1      0.000      2.207 2 -1   -129.858      0.000
0    311.823 1      0.000      2.207 2 0     -0.000      0.000      1.000
0   -296.067 1      0.000      2.207 2 5   -129.858      0.000      1.000
0    -76.384 1      0.000      2.207 2 6     -0.000      0.000      1.000
0   -167.175 5    312.000      2.207 2 -1      0.000      0.000
0      0.000 5    312.000      2.207 2 0      0.000      0.000      1.000
0      0.000 5    312.000      2.207 2 5      0.000      0.000      1.000
0      0.000 5    312.000      2.207 2 6      0.000      0.000      1.000
2 -1 -1 -1 -1 0.000000 312.000000 4 3 1 -1 1.600000
0   -146.539 1      0.000      2.207 2 -1    107.008      0.000
0    311.823 1      0.000      2.207 2 0     -0.000      0.000      1.000
0   -381.978 1      0.000      2.207 2 5    107.008      0.000      1.000
0    -76.384 1      0.000      2.207 2 6     -0.000      0.000      1.000
0    -65.841 5    312.000      2.207 2 -1      0.000      0.000
0      0.000 5    312.000      2.207 2 0      0.000      0.000      1.000
0      0.000 5    312.000      2.207 2 5      0.000      0.000      1.000
0      0.000 5    312.000      2.207 2 6      0.000      0.000      1.000
2 -1 -1 -1 -1 0.000000 312.000000 4 3 1 -1 1.600000
0    -60.629 1      0.000      2.207 2 -1   -129.858      0.000
0    311.823 1      0.000      2.207 2 0     -0.000      0.000      1.000
0   -296.067 1      0.000      2.207 2 5   -129.858      0.000      1.000
0    -76.384 1      0.000      2.207 2 6     -0.000      0.000      1.000
0   -167.175 5    312.000      2.207 2 -1      0.000      0.000
0      0.000 5    312.000      2.207 2 0      0.000      0.000      1.000
0      0.000 5    312.000      2.207 2 5      0.000      0.000      1.000
0      0.000 5    312.000      2.207 2 6      0.000      0.000      1.000
2 -1 -1 -1 -1 0.000000 312.000000 4 3 1 -1 1.600000
0    214.112 1      0.000      2.207 2 -1    107.008      0.000
0    519.706 1      0.000      2.207 2 0      0.000      0.000      1.000
0   -381.978 1      0.000      2.207 2 5    107.008      0.000      1.000
0     76.384 1      0.000      2.207 2 6      0.000      0.000      1.000
0    302.046 5    312.000      2.207 2 -1      0.000      0.000
0      0.000 5    312.000      2.207 2 0      0.000      0.000      1.000
0      0.000 5    312.000      2.207 2 5      0.000      0.000      1.000
0      0.000 5    312.000      2.207 2 6      0.000      0.000      1.000
2 -1 -1 -1 -1 0.000000 312.000000 4 3 1 -1 1.600000
0    300.023 1      0.000      2.207 2 -1   -129.858      0.000
0    519.706 1      0.000      2.207 2 0      0.000      0.000      1.000
0   -296.067 1      0.000      2.207 2 5   -129.858      0.000      1.000
0     76.384 1      0.000      2.207 2 6      0.000      0.000      1.000
0    200.711 5    312.000      2.207 2 -1      0.000      0.000
0      0.000 5    312.000      2.207 2 0      0.000      0.000      1.000
0      0.000 5    312.000      2.207 2 5      0.000      0.000      1.000
0      0.000 5    312.000      2.207 2 6      0.000      0.000      1.000
2 -1 -1 -1 -1 0.000000 312.000000 3 3 1 6 1.150000
0    518.799 1      0.000      2.207 2 -1     -0.000      0.000
0    519.706 1      0.000      2.207 2 0      0.000      0.000      1.000
0     -0.907 1      0.000      2.207 2 4     -0.000      0.000      1.000
0    592.602 5    312.000      2.207 2 -1      0.000      0.000
0      0.000 5    312.000      2.207 2 0      0.000      0.000      1.000
0      0.000 5    312.000      2.207 2 4      0.000      0.000      1.000
2 -1 -1 -1 -1 0.000000 312.000000 3 3 1 1 1.150000
0    892.191 1      0.000      2.207 2 -1     -0.000      0.000
0    519.706 1      0.000      2.207 2 0      0.000      0.000      1.000
0    372.486 1      0.000      2.207 2 4     -0.000      0.000      1.000
0    768.556 5    312.000      2.207 2 -1      0.000      0.000
0      0.000 5    312.000      2.207 2 0      0.000      0.000      1.000
0      0.000 5    312.000      2.207 2 4      0.000      0.000      1.000
2 -1 -1 -1 -1 0.000000 312.000000 3 3 1 1 1.150000
0    738.487 1      0.000      2.207 2 -1      0.000      0.000
0    519.706 1      0.000      2.207 2 0      0.000      0.000      1.000
0    218.781 1      0.000      2.207 2 4      0.000      0.000      1.000
0    932.920 5    312.000      2.207 2 -1      0.000      0.000
0      0.000 5    312.000      2.207 2 0      0.000      0.000      1.000
0      0.000 5    312.000      2.207 2 4      0.000      0.000      1.000
2 -1 -1 -1 -1 0.000000 312.000000 3 3 1 1 1.250000
0    561.208 1      0.000      2.207 2 -1      0.000      0.000
0    519.706 1      0.000      2.207 2 0      0.000      0.000      1.000
0     41.503 1      0.000      2.207 2 1     -0.000      0.000      1.000
0    579.076 5    312.000      2.207 2 -1      0.000      0.000
0      0.000 5    312.000      2.207 2 0      0.000      0.000      1.000
0      0.000 5    312.000      2.207 2 1      0.000      0.000      1.000
2 -1 -1 -1 -1 0.000000 312.000000 6 3 1 -1 1.600000
0    808.272 1      0.000      2.207 2 -1    -68.978      0.000
0    519.706 1      0.000      2.207 2 0      0.000      0.000      1.000
0     31.127 1      0.000      2.207 2 1     -0.000      0.000      0.750
0    299.960 1      0.000      2.207 2 4      0.000      0.000      0.750
0    -99.809 1      0.000      2.207 2 5    -68.978      0.000      0.750
0     57.288 1      0.000      2.207 2 6      0.000      0.000      0.750
0    787.196 5    312.000      2.207 2 -1      0.000      0.000
0      0.000 5    312.000      2.207 2 0      0.000      0.000      1.000
0      0.000 5    312.000      2.207 2 1      0.000      0.000      0.750
0      0.000 5    312.000      2.207 2 4      0.000      0.000      0.750
0      0.000 5    312.000      2.207 2 5      0.000      0.000      0.750
0      0.000 5    312.000      2.207 2 6      0.000      0.000      0.750
2 -1 -1 -1 -1 0.000000 312.000000 6 3 1 -1 1.600000
0    761.251 1      0.000      2.207 2 -1     60.666      0.000
0    519.706 1      0.000      2.207 2 0      0.000      0.000      1.000
0     31.127 1      0.000      2.207 2 1     -0.000      0.000      0.750
0    299.960 1      0.000      2.207 2 4      0.000      0.000      0.750
0   -146.830 1      0.000      2.207 2 5     60.666      0.000      0.750
0     57.288 1      0.000      2.207 2 6      0.000      0.000      0.750
0    842.659 5    312.000      2.207 2 -1      0.000      0.000
0      0.000 5    312.000      2.207 2 0      0.000      0.000      1.000
0      0.000 5    312.000      2.207 2 1      0.000      0.000      0.750
0      0.000 5    312.000      2.207 2 4      0.000      0.000      0.750
0      0.000 5    312.000      2.207 2 5      0.000      0.000      0.750
0      0.000 5    312.000      2.207 2 6      0.000      0.000      0.750
2 -1 -1 -1 -1 0.000000 312.000000 6 3 1 -1 1.600000
0    621.597 1      0.000      2.207 2 -1     80.256      0.000
0    519.706 1      0.000      2.207 2 0      0.000      0.000      1.000
0     31.127 1      0.000      2.207 2 1     -0.000      0.000      0.750
0    299.960 1      0.000      2.207 2 4      0.000      0.000      0.750
0   -286.483 1      0.000      2.207 2 5     80.256      0.000      0.750
0     57.288 1      0.000      2.207 2 6      0.000      0.000      0.750
0    712.796 5    312.000      2.207 2 -1      0.000      0.000
0      0.000 5    312.000      2.207 2 0      0.000      0.000      1.000
0      0.000 5    312.000      2.207 2 1      0.000      0.000      0.750
0      0.000 5    312.000      2.207 2 4      0.000      0.000      0.750
0      0.000 5    312.000      2.207 2 5      0.000      0.000      0.750
0      0.000 5    312.000      2.207 2 6      0.000      0.000      0.750
2 -1 -1 -1 -1 0.000000 312.000000 6 3 1 -1 1.600000
0    686.030 1      0.000      2.207 2 -1    -97.393      0.000
0    519.706 1      0.000      2.207 2 0      0.000      0.000      1.000
0     31.127 1      0.000      2.207 2 1     -0.000      0.000      0.750
0    299.960 1      0.000      2.207 2 4      0.000      0.000      0.750
0   -222.051 1      0.000      2.207 2 5    -97.393      0.000      0.750
0     57.288 1      0.000      2.207 2 6      0.000      0.000      0.750
0    636.796 5    312.000      2.207 2 -1      0.000      0.000
0      0.000 5    312.000      2.207 2 0      0.000      0.000      1.000
0      0.000 5    312.000      2.207 2 1      0.000      0.000      0.750
0      0.000 5    312.000      2.207 2 4      0.000      0.000      0.750
0      0.000 5    312.000      2.207 2 5      0.000      0.000      0.750
0      0.000 5    312.000      2.207 2 6      0.000      0.000      0.750
2 -1 -1 -1 -1 0.000000 312.000000 6 3 1 -1 1.600000
0    897.871 1      0.000      2.207 2 -1    -68.978      0.000
0    519.706 1      0.000      2.207 2 0      0.000      0.000      1.000
0     31.127 1      0.000      2.207 2 1     -0.000      0.000      0.750
0    389.558 1      0.000      2.207 2 10      0.000      0.000      0.750
0    -99.809 1      0.000      2.207 2 5    -68.978      0.000      0.750
0     57.288 1      0.000      2.207 2 6      0.000      0.000      0.750
0    883.035 5    312.000      2.207 2 -1      0.000      0.000
0      0.000 5    312.000      2.207 2 0      0.000      0.000      1.000
0      0.000 5    312.000      2.207 2 1      0.000      0.000      0.750
0      0.000 5    312.000      2.207 2 10      0.000      0.000      0.750
0      0.000 5    312.000      2.207 2 5      0.000      0.000      0.750
0      0.000 5    312.000      2.207 2 6      0.000      0.000      0.750
2 -1 -1 -1 -1 0.000000 312.000000 6 3 1 -1 1.600000
0    850.849 1      0.000      2.207 2 -1     60.666      0.000
0    519.706 1      0.000      2.207 2 0      0.000      0.000      1.000
0     31.127 1      0.000      2.207 2 1     -0.000      0.000      0.750
0    389.558 1      0.000      2.207 2 10      0.000      0.000      0.750
0   -146.830 1      0.000      2.207 2 5     60.666      0.000      0.750
0     57.288 1      0.000      2.207 2 6      0.000      0.000      0.750
0    938.499 5    312.000      2.207 2 -1      0.000      0.000
0      0.000 5    312.000      2.207 2 0      0.000      0.000      1.000
0      0.000 5    312.000      2.207 2 1      0.000      0.000      0.750
0      0.000 5    312.000      2.207 2 10      0.000      0.000      0.750
0      0.000 5    312.000      2.207 2 5      0.000      0.000      0.750
0      0.000 5    312.000      2.207 2 6      0.000      0.000      0.750
2 -1 -1 -1 -1 0.000000 312.000000 6 3 1 -1 1.600000
0    711.196 1      0.000      2.207 2 -1     80.256      0.000
0    519.706 1      0.000      2.207 2 0      0.000      0.000      1.000
0     31.127 1      0.000      2.207 2 1     -0.000      0.000      0.750
0    389.558 1      0.000      2.207 2 10      0.000      0.000      0.750
0   -286.483 1      0.000      2.207 2 5     80.256      0.000      0.750
0     57.288 1      0.000      2.207 2 6     -0.000      0.000      0.750
0    808.635 5    312.000      2.207 2 -1      0.000      0.000
0      0.000 5    312.000      2.207 2 0      0.000      0.000      1.000
0      0.000 5    312.000      2.207 2 1      0.000      0.000      0.750
0      0.000 5    312.000      2.207 2 10      0.000      0.000      0.750
0      0.000 5    312.000      2.207 2 5      0.000      0.000      0.750
0      0.000 5    312.000      2.207 2 6      0.000      0.000      0.750
2 -1 -1 -1 -1 0.000000 312.000000 6 3 1 -1 1.600000
0    775.629 1      0.000      2.207 2 -1    -97.393      0.000
0    519.706 1      0.000      2.207 2 0      0.000      0.000      1.000
0     31.127 1      0.000      2.207 2 1     -0.000      0.000      0.750
0    389.558 1      0.000      2.207 2 10      0.000      0.000      0.750
0   -222.051 1      0.000      2.207 2 5    -97.393      0.000      0.750
0     57.288 1      0.000      2.207 2 6      0.000      0.000      0.750
0    732.635 5    312.000      2.207 2 -1      0.000      0.000
0      0.000 5    312.000      2.207 2 0      0.000      0.000      1.000
0      0.000 5    312.000      2.207 2 1      0.000      0.000      0.750
0      0.000 5    312.000      2.207 2 10      0.000      0.000      0.750
0      0.000 5    312.000      2.207 2 5      0.000      0.000      0.750
0      0.000 5    312.000      2.207 2 6      0.000      0.000      0.750
2 -1 -1 -1 -1 0.000000 312.000000 3 3 33 1 1.150000
0    909.706 1      0.000      2.207 2 -1      0.000      0.000
0    519.706 1      0.000      2.207 2 0      0.000      0.000      1.000
0    390.000 1      0.000      2.207 2 10      0.000      0.000      1.000
0    667.794 5    312.000      2.207 2 -1      0.000      0.000
0      0.000 5    312.000      2.207 2 0      0.000      0.000      1.000
0      0.000 5    312.000      2.207 2 10      0.000      0.000      1.000
2 -1 -1 -1 -1 0.000000 312.000000 3 3 33 1 1.150000
0    649.117 1      0.000      2.207 2 -1     -0.000      0.000
0    519.706 1      0.000      2.207 2 0      0.000      0.000      1.000
0    129.411 1      0.000      2.207 2 10     -0.000      0.000      1.000
0    963.383 5    312.000      2.207 2 -1      0.000      0.000
0      0.000 5    312.000      2.207 2 0      0.000      0.000      1.000
0      0.000 5    312.000      2.207 2 10      0.000      0.000      1.000
2 -1 -1 -1 -1 0.000000 312.000000 4 3 33 1 1.150000
0    843.333 1      0.000      2.207 2 -1      0.000      0.000
0    519.706 1      0.000      2.207 2 0      0.000      0.000      1.000
0     31.127 1      0.000      2.207 2 1     -0.000      0.000      0.750
0    292.500 1      0.000      2.207 2 10      0.000      0.000      0.750
0    666.255 5    312.000      2.207 2 -1      0.000      0.000
0      0.000 5    312.000      2.207 2 0      0.000      0.000      1.000
0      0.000 5    312.000      2.207 2 1      0.000      0.000      0.750
0      0.000 5    312.000      2.207 2 10      0.000      0.000      0.750
2 -1 -1 -1 -1 0.000000 312.000000 4 3 33 1 1.150000
0    647.891 1      0.000      2.207 2 -1     -0.000      0.000
0    519.706 1      0.000      2.207 2 0      0.000      0.000      1.000
0     31.127 1      0.000      2.207 2 1     -0.000      0.000      0.750
0     97.058 1      0.000      2.207 2 10      0.000      0.000      0.750
0    887.947 5    312.000      2.207 2 -1      0.000      0.000
0      0.000 5    312.000      2.207 2 0      0.000      0.000      1.000
0      0.000 5    312.000      2.207 2 1      0.000      0.000      0.750
0      0.000 5    312.000      2.207 2 10      0.000      0.000      0.750
NumReactionGroups = 0

[ADDITIONAL CUTTING INFO]
Number of Members=6
8,1,1,1,T2,2x4,No.2,SP,  15-6-2, 15-7-14,63.4,63.4
8,1,1,1,T1,2x4,No.2,SP,  14-6-7,  14-8-3,63.4,63.4
8,1,2,1,B1,2x4,No.2,SP,  13-9-0,  14-0-0,90.0,26.6,90.0
8,1,2,1,B2,2x4,No.2,SP,  11-9-0,  12-0-0,90.0,26.6,90.0
16,1,2,2,W1, W1,2x4,No.3,SP,   4-7-9,   4-8-3,68.9,47.7,42.3
16,2,2,2,W2, W2,2x4,No.3,SP,  6-10-0,  6-10-0,24.3,39.2,24.3,65.7
[ADDITIONAL LUMBER INFO]
Lumber Info Entries=6
8,T2,2x4,No.2,SP,15.66,16,10.67,1064,90.88  
8,T1,2x4,No.2,SP,14.68,16,10.67,1064,90.88  
8,B2,2x4,No.2,SP,14.00,14,9.33 ,1149,85.79  
8,B1,2x4,No.2,SP,12.00,12,8.00 ,1034,66.18  
16,W2,2x4,No.3,SP,4.68 ,5,3.33 ,1134,60.48  
16,W1,2x4,No.3,SP,6.83 ,7,4.67 ,1339,99.98  
TS=6.00
BS=0.00
[ADDITIONAL TRUSS INFO]
TRUSS TYPE=Common
Span=312.0000
Max Span=312.0000
Price Quantity=0
Quantity=8
Quantity for MDSM=0
Plies on Girder=1
Plies on Truss=1
No of Girders=0
MDSM used=0
Ply=1
Top Chord Live Load=20.0
Top Chord Dead Load=10.0
Bottom Chord Live Load=0.0 
Bottom Chord Dead Load=10.0
Spacing=24.0000
Left Overhang=0.0000
Right Overhang=10.5000
Left Butt Cut=0.2500
Right Butt Cut=0.2500
Left Heel Height=4.1600 
Right Heel Height=4.1600 
Left Seat Cut=4.0000 
Right Seat Cut=4.0000 
Truss Height=87.1631
LeftHeeltoPeak=176.3144
RightHeeltoPeak=176.3144
Max Top Chord CSI=0.65
Max Bottom Chord CSI=0.95
SSI=0.31
Girder=NO
Span Carried=0.0000 
Total Bearings=2
Left Stub=0.0000 
Right Stub=0.0000 
Vertical Deflection=-0.2600
Vertical (LL) Deflection=-0.2600
Vertical (TL) Deflection=-0.5700
Horizontal Deflection=0.0600
Vertical (LL) Deflection Location=9-12
Vertical (TL) Deflection Location=9-12
Horizontal Deflection Location=5
Left Cantilever=0.0000 
Right Cantilever=0.0000 
Gable=NO
Regular Gable=NO
Structural Gable=NO
Louvered Gable=NO
Gable Stud Spacing=0.0000
Top Chord Lumber=2x4 No.2 SP
Bottom Chord Lumber=2x4 No.2 SP
Valley=NO
Number Top Chord Nail Rows=0
Top Chord Inches On Center=0
Number Bottom Chord Nail Rows=0
Bottom Chord Inches On Center=0
Number Web Nail Rows=1
Web Inches On Center=6
Total Chords=32
Total Webs=32
Wedges=0
Sliders=0
Blocks=0
Number of block splices=0
Date=1/11/2023
Difficulty Factor=0.00
Warning=Startwarning0Endwarning
TestedTruss=NO
Corner Joints=0 
Reaction1=920
Reaction2=966
Max Horz1=-130
Max Uplift1=-147
Max Uplift2=-167
UseToeNails=0
RealSpliceBlocksSaved=1
ComponentLoads=1
RepStressStatus=0
GID=108536604
[ADDITIONAL COST INFO]
Total Board Feet=437.33
Truss Weight=118
Total Plate Area=1696.00
Plate Areas=MT20 1696.00
Total Lumber Cost=494.16
Total Plate Cost=17.52 
Total Labor Cost=54.40 
Markup Amount=243.44
Total Cost=809.52
Piece=64
Unique Piece=6
Pitch Break=8
Joint=64
Brace=0
Lumber Change=2
Length Change=5
Cut=192
Angle Setup=12
Number of Non-Structural Pieces=0
Angle/Length Set-up Chords=2
Angle/Length Set-up Webs=2
Length only Set-up Chords=2
Length only Set-up Webs=0
Width Change Chords=0
Width Change Webs=0
Pieces 0 to 40001 Long=0
Pieces 40001 to 80001 Long=32
Pieces 80001 to 140001 Long=16
Pieces 140001 to 800001 Long=16
Pieces 208 Wide=0
Pieces 308 Wide=64
Pieces 508 Wide=0
Pieces 704 Wide=0
Pieces 904 Wide=0
Pieces 1104 Wide=0
Pieces 408 Wide=0
Single Bevel=0
Double Bevel=0
Additional Ply=0
Attic Setup=0
Attic Truss=0
Pitch Break - Bottom=0
Pitch Break Setup - Bottom=0
Pitch Break - Top=8
Pitch Break Setup - Top=1
Pitch Break Setup=1
Joint Setup=8
Linear Foot Gable=0.000
Linear Foot Setup=26.000
Linear Foot Struct. Gable=0.000
Linear Foot=208.000
No. of Plates=128
No. of Plates Setup=8
[LUMBER PULL LIST]
Pull List Entries=5
2x4,SP,No.2,16, 16.0000
2x4,SP,No.2,8, 12.0000
2x4,SP,No.3,16,  7.0000
2x4,SP,No.3,16,  5.0000
2x4,SP,No.2,8, 14.0000
Total Saw Units=0.00
Total Fab Units=0.00
Total Other Units=0.00
[BATCHCUTTING]
BATCHED=0
PRINTED=0
[SHAPE DESCRIPTION]
Top Chord Segments=2
Top Chord Panels=3 4 
Total of Top Chord Panels=7
Top Chord Slopes=26.57 -26.57 
Bottom Chord Segments=1
Bottom Chord Panels=5 
Total of Bottom Chord Panels=5
Bottom Chord Slopes=0.00 
[EXTRA MEMBERS]
[uninhabitable]
Uninhabitable=0
UserSet=0
[DRAWINGNOTE]
[Truss Specific Strings]










JIGSET INFO
0.000000
0.000000
0 0
0 0
ENDJIG
[ADDITIONAL HEEL OPTIONS]
0 0 0 0 0 6109 6101 6101 -1 -1 0 30.000000 30.000000 -1 -1 0 0 -1 -1 30.000000 30.000000 6.000000 6.000000 50.000000 50.000000 1 1 1 1 0 0
[HEEL INFO]
0 0 0 0 0 0 0.000000 0.000000 0 0 0 0 none none 0 0 -1 -1
[CANTILEVER OPTIONS]
0 0
[STUB INFO]
0 0.000000 0 0.000000
[FAB SETUPS]
1  1  1  
0  0  0  
[HINGE DETAIL INFO]
-1
[facility info]
Facility=c1eb817d-4ff2-4237-9a5b-2513d3bf1de1
[Plating Options]
InvSel=a773a3dd-6c49-41d1-830d-6fb847b61ae9
Var00_09=00000.00000,00000.00000,00000.00000,00001.00000,00001.00000,00001.00000,00024.00000,00000.80000,00001.00000,00001.00000,
Var10_19=00001.00000,00001.00000,00000.25000,00000.25000,00000.00000,00001.00000,00272.00000,00001.00000,00375.00000,00001.50000,
Var20_29=00000.50000,00001.00000,00000.00000,00001.00000,00000.10000,00008.00000,00006.00000,00001.00000,00098.00000,00020.00000,
Var30_39=00003.00000,00020.00000,00000.00000,00003.00000,00048.00000,00001.00000,00001.00000,00001.00000,00001.00000,00003.00000,
Var40_49=00001.00000,00020.00000,00001.00000,00000.50000,00000.00000,00090.00000,00090.00000,00006.00000,00007.00000,00002.00000,
Var50_59=00000.50000,00001.00000,00001.00000,00000.01000,00000.25000,00720.00000,01000.00000,00000.00000,00000.00000,00000.00000,
Var60_69=00090.00000,00030.00000,00000.00000,00024.00000,00001.00000,00004.00000,00001.50000,00001.50000,00001.50000,00000.00000,
Var70_79=00065.00000,00036.00000,00012.00000,00000.00000,00000.00000,00200.00000,00012.00000,00000.00000,00002.00000,00000.00000,
Var80_89=00008.00000,00000.00000,00000.00000,00001.00000,00000.00000,00000.00000,00000.00000,00001.00000,00000.00000,00000.00000,
Var90_99=00001.50000,00000.00000,00600.00000,00000.00000,00001.00000,00001.00000,00000.00000,00001.00000,00001.50000,00000.00000,
Var100_109=00000.00000,00000.00000,00001.00000,00000.00000,00000.00000,00000.00000,00000.00000,00000.00000,00000.00000,00000.00000,
Var110_119=00000.00000,00192.00000,00010.00000,00005.00000,00000.60000,00000.80000,00000.80000,00000.50000,00000.80000,00001.00000,
Var120_129=00000.04000,00000.00000,00000.00000,00000.00000,00001.00000,00000.00000,00002.00000,00001.00000,00001.00000,00001.00000,
Var130_139=00000.00000,00003.00000,00003.00000,00006.00000,00072.00000,00000.00000,00001.00000,00000.00000,00000.00000,00000.50000,
Var140_149=00001.00000,00016.00000,00000.00000,00000.00000,00000.00000,00000.00000,00000.00000,00000.00000,00000.00000,00000.00000,
Var150_159=00000.00000,00000.00000,00000.90000,00000.00000,00000.00000,00000.00000,00000.00000,00000.50000,00001.00000,09999.00000,
[Plate Info V4000]
NoOfPlates=8
Plate000=000,000,001,0103,000003.24999,000001.87501,000003.24999,000002.00000,000.0000000,06,0,002,TMB1                ,0002,             800,80550a24-fb28-c07f-e2be-59fe29e0f2c4,  MT20,   4x4,0004.0000,0004.0000,000000.00000,000000.25001,000006.49998,000003.50000,000003.24999,000001.87501,     3.24999,     1.87501,     5.24999,    -0.00000,10, 0,     0.17453,0.80, 0, 0,-1,-1
Plate001=001,001,008,0061,000168.00000,000001.75000,000168.00000,000001.75000,000.0000000,06,0,002,BS                  ,0002,             128,659740d5-cc35-ab56-4175-38d9ce93144e,  MT20,   3x6,0003.0000,0006.0000,000168.00000,000000.00000,000168.00000,000003.50000,000168.00000,000001.75000,   168.00000,     1.75000,   168.00000,     1.75000, 0, 0,     0.17453,0.80, 0, 0,-1,-1
Plate002=002,002,005,0103,000308.75000,000001.87500,000308.75000,000002.00000,000.0000000,06,0,002,TMB1                ,0002,     17179869472,80550a24-fb28-c07f-e2be-59fe29e0f2c4,  MT20,   4x4,0004.0000,0004.0000,000312.00000,000000.24999,000305.49997,000003.50000,000308.75000,000001.87500,   308.75000,     1.87500,   310.75000,    -0.00000,10, 0,     0.17453,0.80, 0, 0,-1,-1
Plate003=003,003,007,0056,000189.67641,000003.50000,000189.67641,000003.50000,000.0000000,10,0,003,BMWW                ,0002,               0,4464ea0f-155c-35a4-e754-fc7f05cc8e0a,  MT20,   3x4,0003.0000,0004.0000,000189.67641,000003.50000,000189.67641,000003.50000,000189.67641,000003.50000,   189.67641,     3.50000,   189.67641,     3.50000, 0, 0,     0.17453,0.80, 0, 0,-1,-1
Plate004=004,004,003,0016,000156.00000,000078.24999,000156.00000,000078.24999,000.0000000,03,0,004,TTWW                ,0002,              64,80550a24-fb28-c07f-e2be-59fe29e0f2c4,  MT20,   4x4,0004.0000,0004.0000,000156.00000,000078.24999,000156.00000,000078.24999,000156.00000,000078.24999,   156.00000,    78.24999,   156.00000,    78.24999, 0, 0,     0.17453,0.80, 0, 0,-1,-1
Plate005=005,005,004,0055,000230.74997,000040.87500,000230.74997,000040.87500,-00.8325098,08,0,002,TMW                 ,0002,               0,12c4934d-5d0e-a202-4b48-d6e67e2ced5b,  MT20,   2x4,0002.0000,0004.0000,000232.42809,000040.03594,000229.07185,000041.71406,000230.74997,000040.87500,   230.74997,    40.87500,   230.74997,    40.87500, 0, 0,     0.17453,0.80, 0, 0,-1,-1
Plate006=006,006,009,0056,000122.32355,000003.50000,000122.32355,000003.50000,000.0000000,10,0,003,BMWW                ,0002,               0,4464ea0f-155c-35a4-e754-fc7f05cc8e0a,  MT20,   3x4,0003.0000,0004.0000,000122.32355,000003.50000,000122.32355,000003.50000,000122.32355,000003.50000,   122.32355,     3.50000,   122.32355,     3.50000, 0, 0,     0.17453,0.80, 0, 0,-1,-1
Plate007=007,007,002,0055,000081.25002,000040.87501,000081.25002,000040.87500,000.8325098,08,0,002,TMW                 ,0002,               0,12c4934d-5d0e-a202-4b48-d6e67e2ced5b,  MT20,   2x4,0002.0000,0004.0000,000079.57189,000040.03595,000082.92813,000041.71407,000081.25002,000040.87501,    81.25002,    40.87501,    81.25002,    40.87500, 0, 0,     0.17453,0.80, 0, 0,-1,-1
[EXTRA PLATES]
[Loading]
LayoutLoadDistributionMethod=1
BasicLoad=0‾10.000‾40.000‾10.000‾20.000‾10.000‾0.000‾0.000‾2.500‾1‾0.000‾0.000‾1‾1‾1‾0‾0‾0‾0‾2.500‾2.500‾1‾1‾1‾0.500‾250.000‾1‾1‾0‾0‾1.250‾1.250‾1.250‾1.000‾Floor‾Snow‾0.000‾0‾0‾0‾2.500‾2.500‾1‾1‾1‾0.500‾250.000‾1‾1‾-9999.300‾0‾2‾1‾2
DragLoadCases=0
TrussApp=1,2,3,4,5,6,7,8,9,10,11,12,13,14,15,16,17,18,19,20,21,23,24,26,27,28,29,31,37,38,39,40,41,42,43,44,45,46,47,48,49,50,51,52,53,54,55,56,57,58,59,60,61,62,63,64,65,66,67,68,69,70,71,72,73,74,75,76,77,78,79,80,81,82,83,84,85,86,87,88,89,90,91,92,93,94,95,96,97,98,99,100,101,102,103,104,105,106,107,108,109,110,111,112,113,114,115,116,117,118,119,120,121,122,123,124,125,126,127,128,129,130,131,132,133,134,135,136,137,138,139,140,141,142,143,144,145,146,147,148,149,150,151,152,153,154,155,156,157,158,159,160,161,162,163,164,165,166,167,168,169,170,171,172,173,174,175,176,177,178
CountryBasicLoad=0.000‾0.000‾20.000‾0.000‾12.000‾0.000‾1‾0‾0‾0.000‾0.000‾0‾1‾1‾10.000‾10.000‾1440.000‾1.150‾1.150‾1.150‾1.000‾0‾10.000‾1‾2.000‾0‾1‾1‾1‾0‾1‾2.500‾2.500‾1‾1‾1‾0.500‾2000.000‾Floor‾Snow‾0‾0.417‾0.000‾0.000‾0.000‾0‾1‾20.000‾
NumWindCCAutoRoofZones=4
WindCCAutoRoofZone0=2‾0‾0.000‾0.184‾3.000‾1.684
WindCCAutoRoofZone1=1‾0‾3.000‾1.684‾13.000‾6.684
WindCCAutoRoofZone2=2‾0‾13.000‾6.684‾16.000‾5.184
WindCCAutoRoofZone3=1‾0‾16.000‾5.184‾26.875‾-0.254
NumWindCCUsedRoofZones=4
WindCCUsedRoofZone0=2‾0‾0.000‾0.184‾3.000‾1.684
WindCCUsedRoofZone1=1‾0‾3.000‾1.684‾13.000‾6.684
WindCCUsedRoofZone2=2‾0‾13.000‾6.684‾16.000‾5.184
WindCCUsedRoofZone3=1‾0‾16.000‾5.184‾26.875‾-0.254
NumWindMWFRS1stPerpAutoRoofZones=2
WindMWFRS1stPerpAutoRoofZone0=2‾0‾0.000‾0.184‾13.000‾6.684
WindMWFRS1stPerpAutoRoofZone1=2‾0‾13.000‾6.684‾26.875‾-0.254
NumWindMWFRS1stPerpUsedRoofZones=2
WindMWFRS1stPerpUsedRoofZone0=2‾0‾0.000‾0.184‾13.000‾6.684
WindMWFRS1stPerpUsedRoofZone1=2‾0‾13.000‾6.684‾26.875‾-0.254
NumWindMWFRS2ndPerpAutoRoofZones=2
WindMWFRS2ndPerpAutoRoofZone0=2‾0‾0.000‾0.184‾13.000‾6.684
WindMWFRS2ndPerpAutoRoofZone1=2‾0‾13.000‾6.684‾26.875‾-0.254
NumWindMWFRS2ndPerpUsedRoofZones=2
WindMWFRS2ndPerpUsedRoofZone0=2‾0‾0.000‾0.184‾13.000‾6.684
WindMWFRS2ndPerpUsedRoofZone1=2‾0‾13.000‾6.684‾26.875‾-0.254
NumWindMWFRS1stParaAutoRoofZones=2
WindMWFRS1stParaAutoRoofZone0=2‾0‾0.000‾0.184‾13.000‾6.684
WindMWFRS1stParaAutoRoofZone1=2‾0‾13.000‾6.684‾26.875‾-0.254
NumWindMWFRS1stParaUsedRoofZones=2
WindMWFRS1stParaUsedRoofZone0=2‾0‾0.000‾0.184‾13.000‾6.684
WindMWFRS1stParaUsedRoofZone1=2‾0‾13.000‾6.684‾26.875‾-0.254
NumWindMWFRS2ndParaAutoRoofZones=2
WindMWFRS2ndParaAutoRoofZone0=2‾0‾0.000‾0.184‾13.000‾6.684
WindMWFRS2ndParaAutoRoofZone1=2‾0‾13.000‾6.684‾26.875‾-0.254
NumWindMWFRS2ndParaUsedRoofZones=2
WindMWFRS2ndParaUsedRoofZone0=2‾0‾0.000‾0.184‾13.000‾6.684
WindMWFRS2ndParaUsedRoofZone1=2‾0‾13.000‾6.684‾26.875‾-0.254
NumWindMWFRS3rdParaAutoRoofZones=2
WindMWFRS3rdParaAutoRoofZone0=2‾0‾0.000‾0.184‾13.000‾6.684
WindMWFRS3rdParaAutoRoofZone1=2‾0‾13.000‾6.684‾26.875‾-0.254
NumWindMWFRS3rdParaUsedRoofZones=2
WindMWFRS3rdParaUsedRoofZone0=2‾0‾0.000‾0.184‾13.000‾6.684
WindMWFRS3rdParaUsedRoofZone1=2‾0‾13.000‾6.684‾26.875‾-0.254
NumWindMWFRS4thParaAutoRoofZones=2
WindMWFRS4thParaAutoRoofZone0=2‾0‾0.000‾0.184‾13.000‾6.684
WindMWFRS4thParaAutoRoofZone1=2‾0‾13.000‾6.684‾26.875‾-0.254
NumWindMWFRS4thParaUsedRoofZones=2
WindMWFRS4thParaUsedRoofZone0=2‾0‾0.000‾0.184‾13.000‾6.684
WindMWFRS4thParaUsedRoofZone1=2‾0‾13.000‾6.684‾26.875‾-0.254
BasicLoadWind=9.500‾900.000‾.005‾24‾1.000‾1.000‾99.940‾8‾0.180‾-0.180‾25.000‾6.000‾6.000‾115.003‾80.002‾0‾26.000‾45.000‾3‾0‾3‾2‾1‾-1‾0‾0‾2024‾20.000‾5.000‾1.600‾1.600‾1.600‾1.000‾0‾0‾2‾0‾0.000‾0‾0‾2‾1‾1‾4.000‾0‾0‾0‾0‾0‾0‾0‾0.850‾0.600‾0‾2‾0‾3‾0‾0.000
BasicLoadSnow=0.000‾0‾0.000‾20.000‾0.000‾0.700‾0.000‾1.000‾1.000‾1.100‾1.000‾0.000‾1‾0‾1‾1‾3‾1.150‾1.150‾1.150‾1.000‾0‾2‾12.000‾12.000‾1‾ USERDEFINE‾0‾0‾0.000000‾0.000000‾0.000000‾1‾-1‾1‾1‾1‾1‾10.000‾1‾0.000000‾0‾0‾9.500‾900.000‾.005‾0‾EMPTY_STRING‾4‾50.000‾0‾
BasicLoadFloor=10.000‾40.000‾10.000‾0.000‾1.000‾1.000‾1.000‾1.000‾0
DOLsDeadOnly=0.900‾0.900‾0.900‾0.900‾0
SeismicDOL=1.330‾1.330‾1.330‾1.000‾0
RainLoad=0‾0.000‾0.000
GeometryOption=0
LCDeleted=0
LoadCaseCount=37
LoadCase0=Dead + Snow (balanced)‾1‾3‾17‾-1‾1.150‾1.150‾1.150‾1.000‾0‾1‾1‾1:L/240&2:L/180,1:L/180&2:L/120,1:L/180&2:L/120,1:L/90&2:L/80&2:0.375,1:L/90&2:L/80&2:0.375,1:L/180&2:L/120,1:L/180&2:L/120,1:L/90&2:L/80,1:L/90&2:L/80‾4‾1‾0‾131‾18‾-1‾0‾1
LoadCase0@0=0‾1‾1‾-1‾6‾-1‾0.000‾26.875‾0‾0‾20.000‾20.000‾1‾1.000‾1‾4‾0‾NONAME‾0‾0‾0‾0‾EMPTY_STRING‾EMPTY_STRING‾0.000‾
LoadCase0@1=4‾1‾1‾-1‾6‾-1‾0.000‾13.000‾0‾0‾30.800‾30.800‾1‾1.000‾1‾4‾0‾NONAME‾0‾0‾7‾0‾EMPTY_STRING‾EMPTY_STRING‾0.000‾
LoadCase0@2=4‾1‾1‾-1‾6‾-1‾13.000‾26.875‾0‾0‾30.800‾30.800‾1‾1.000‾1‾4‾0‾NONAME‾0‾0‾7‾0‾EMPTY_STRING‾EMPTY_STRING‾0.000‾
LoadCase0@3=0‾1‾2‾-1‾1048577‾-1‾0.000‾26.000‾0‾0‾20.000‾20.000‾1‾1.000‾1‾4‾0‾NONAME‾0‾0‾1‾0‾EMPTY_STRING‾EMPTY_STRING‾0.000‾
LoadCase1=Dead + Roof Live (balanced)‾2‾3‾1025‾-1‾1.150‾1.150‾1.150‾1.000‾0‾1‾1‾1:L/240&2:L/180,1:L/180&2:L/120,1:L/180&2:L/120,1:L/90&2:L/80&2:0.375,1:L/90&2:L/80&2:0.375,1:L/180&2:L/120,1:L/180&2:L/120,1:L/90&2:L/80,1:L/90&2:L/80‾5‾2‾0‾2097155‾17‾-1‾0‾1
LoadCase1@0=0‾1‾1‾-1‾6‾-1‾0.000‾26.875‾0‾0‾20.000‾20.000‾1‾1.000‾1‾4‾0‾NONAME‾0‾0‾0‾0‾EMPTY_STRING‾EMPTY_STRING‾0.000‾
LoadCase1@1=10‾1‾1‾-1‾2‾-1‾0.000‾13.000‾0‾0‾40.000‾40.000‾1‾1.000‾1‾4‾0‾NONAME‾0‾0‾-1‾0‾EMPTY_STRING‾EMPTY_STRING‾0.000‾
LoadCase1@2=10‾1‾1‾-1‾2‾-1‾13.000‾26.000‾0‾0‾40.000‾40.000‾1‾1.000‾1‾4‾0‾NONAME‾0‾0‾-1‾0‾EMPTY_STRING‾EMPTY_STRING‾0.000‾
LoadCase1@3=10‾1‾1‾-1‾5‾-1‾26.000‾26.875‾0‾0‾40.000‾40.000‾1‾1.000‾1‾4‾0‾NONAME‾0‾0‾21‾0‾EMPTY_STRING‾EMPTY_STRING‾0.000‾
LoadCase1@4=0‾1‾2‾-1‾1048577‾-1‾0.000‾26.000‾0‾0‾20.000‾20.000‾1‾1.000‾1‾4‾0‾NONAME‾0‾0‾1‾0‾EMPTY_STRING‾EMPTY_STRING‾0.000‾
LoadCase2=Dead + 0.75 Roof Live (balanced) + 0.75 Uninhab. Attic Storage‾3‾3‾1027‾-1‾1.150‾1.150‾1.150‾1.000‾0‾1‾1‾1:L/240&2:L/180,1:L/180&2:L/120,1:L/180&2:L/120,1:L/90&2:L/80&2:0.375,1:L/90&2:L/80&2:0.375,1:L/180&2:L/120,1:L/180&2:L/120,1:L/90&2:L/80,1:L/90&2:L/80‾6‾3‾0‾2097155‾2‾-1‾0‾1
LoadCase2@0=0‾1‾1‾-1‾6‾-1‾0.000‾26.875‾0‾0‾20.000‾20.000‾1‾1.000‾1‾4‾0‾NONAME‾0‾0‾0‾0‾EMPTY_STRING‾EMPTY_STRING‾0.000‾
LoadCase2@1=10‾1‾1‾-1‾2‾-1‾0.000‾13.000‾0‾0‾30.000‾30.000‾1‾1.000‾1‾4‾0‾NONAME‾0‾0‾-1‾0‾EMPTY_STRING‾EMPTY_STRING‾0.000‾
LoadCase2@2=10‾1‾1‾-1‾2‾-1‾13.000‾26.000‾0‾0‾30.000‾30.000‾1‾1.000‾1‾4‾0‾NONAME‾0‾0‾-1‾0‾EMPTY_STRING‾EMPTY_STRING‾0.000‾
LoadCase2@3=10‾1‾1‾-1‾5‾-1‾26.000‾26.875‾0‾0‾30.000‾30.000‾1‾1.000‾1‾4‾0‾NONAME‾0‾0‾21‾0‾EMPTY_STRING‾EMPTY_STRING‾0.000‾
LoadCase2@4=0‾1‾2‾-1‾1048577‾-1‾0.000‾26.000‾0‾0‾20.000‾20.000‾1‾1.000‾1‾4‾0‾NONAME‾0‾0‾1‾0‾EMPTY_STRING‾EMPTY_STRING‾0.000‾
LoadCase2@5=1‾1‾2‾-1‾1‾-1‾11.930‾14.070‾0‾0‾30.000‾30.000‾1‾1.000‾1‾4‾0‾NONAME‾7‾0‾4‾0‾EMPTY_STRING‾EMPTY_STRING‾0.000‾
LoadCase3=Dead + 0.75 Snow (balanced) + 0.75 Uninhab. Attic Storage‾4‾3‾19‾-1‾1.150‾1.150‾1.150‾1.000‾0‾1‾1‾1:L/240&2:L/180,1:L/180&2:L/120,1:L/180&2:L/120,1:L/90&2:L/80&2:0.375,1:L/90&2:L/80&2:0.375,1:L/180&2:L/120,1:L/180&2:L/120,1:L/90&2:L/80,1:L/90&2:L/80‾5‾4‾0‾131‾1‾-1‾0‾1
LoadCase3@0=0‾1‾1‾-1‾6‾-1‾0.000‾26.875‾0‾0‾20.000‾20.000‾1‾1.000‾1‾4‾0‾NONAME‾0‾0‾0‾0‾EMPTY_STRING‾EMPTY_STRING‾0.000‾
LoadCase3@1=4‾1‾1‾-1‾6‾-1‾0.000‾13.000‾0‾0‾23.100‾23.100‾1‾1.000‾1‾4‾0‾NONAME‾0‾0‾7‾0‾EMPTY_STRING‾EMPTY_STRING‾0.000‾
LoadCase3@2=4‾1‾1‾-1‾6‾-1‾13.000‾26.875‾0‾0‾23.100‾23.100‾1‾1.000‾1‾4‾0‾NONAME‾0‾0‾7‾0‾EMPTY_STRING‾EMPTY_STRING‾0.000‾
LoadCase3@3=0‾1‾2‾-1‾1048577‾-1‾0.000‾26.000‾0‾0‾20.000‾20.000‾1‾1.000‾1‾4‾0‾NONAME‾0‾0‾1‾0‾EMPTY_STRING‾EMPTY_STRING‾0.000‾
LoadCase3@4=1‾1‾2‾-1‾1‾-1‾11.930‾14.070‾0‾0‾30.000‾30.000‾1‾1.000‾1‾4‾0‾NONAME‾7‾0‾4‾0‾EMPTY_STRING‾EMPTY_STRING‾0.000‾
LoadCase4=Dead + 0.75 Snow (Unbal. Left) + 0.75 Uninhab. Attic Storage‾5‾3‾19‾-1‾1.150‾1.150‾1.150‾1.000‾0‾1‾1‾1:L/240&2:L/180,1:L/180&2:L/120,1:L/180&2:L/120,1:L/90&2:L/80&2:0.375,1:L/90&2:L/80&2:0.375,1:L/180&2:L/120,1:L/180&2:L/120,1:L/90&2:L/80,1:L/90&2:L/80‾6‾5‾1‾771‾3‾-1‾0‾1
LoadCase4@0=0‾1‾1‾-1‾6‾-1‾0.000‾26.875‾0‾0‾20.000‾20.000‾1‾1.000‾1‾4‾0‾NONAME‾0‾0‾0‾0‾EMPTY_STRING‾EMPTY_STRING‾0.000‾
LoadCase4@1=4‾1‾1‾-1‾6‾-1‾0.000‾13.000‾0‾0‾23.100‾23.100‾1‾1.000‾1‾4‾0‾NONAME‾0‾0‾8‾0‾EMPTY_STRING‾EMPTY_STRING‾0.000‾
LoadCase4@2=4‾1‾1‾-1‾2‾-1‾9.537‾13.000‾0‾0‾16.167‾16.167‾1‾1.000‾1‾4‾0‾NONAME‾0‾0‾8‾0‾EMPTY_STRING‾EMPTY_STRING‾0.000‾
LoadCase4@3=4‾1‾1‾-1‾6‾-1‾13.000‾26.875‾0‾0‾6.930‾6.930‾1‾1.000‾1‾4‾0‾NONAME‾0‾0‾9‾0‾EMPTY_STRING‾EMPTY_STRING‾0.000‾
LoadCase4@4=0‾1‾2‾-1‾1048577‾-1‾0.000‾26.000‾0‾0‾20.000‾20.000‾1‾1.000‾1‾4‾0‾NONAME‾0‾0‾1‾0‾EMPTY_STRING‾EMPTY_STRING‾0.000‾
LoadCase4@5=1‾1‾2‾-1‾1‾-1‾11.930‾14.070‾0‾0‾30.000‾30.000‾1‾1.000‾1‾4‾0‾NONAME‾7‾0‾4‾0‾EMPTY_STRING‾EMPTY_STRING‾0.000‾
LoadCase5=Dead + 0.75 Snow (Unbal. Right) + 0.75 Uninhab. Attic Storage‾6‾3‾19‾-1‾1.150‾1.150‾1.150‾1.000‾0‾1‾1‾1:L/240&2:L/180,1:L/180&2:L/120,1:L/180&2:L/120,1:L/90&2:L/80&2:0.375,1:L/90&2:L/80&2:0.375,1:L/180&2:L/120,1:L/180&2:L/120,1:L/90&2:L/80,1:L/90&2:L/80‾6‾6‾1‾771‾4‾-1‾0‾1
LoadCase5@0=0‾1‾1‾-1‾6‾-1‾0.000‾26.875‾0‾0‾20.000‾20.000‾1‾1.000‾1‾4‾0‾NONAME‾0‾0‾0‾0‾EMPTY_STRING‾EMPTY_STRING‾0.000‾
LoadCase5@1=4‾1‾1‾-1‾6‾-1‾0.000‾13.000‾0‾0‾6.930‾6.930‾1‾1.000‾1‾4‾0‾NONAME‾0‾0‾8‾0‾EMPTY_STRING‾EMPTY_STRING‾0.000‾
LoadCase5@2=4‾1‾1‾-1‾6‾-1‾13.000‾26.875‾0‾0‾23.100‾23.100‾1‾1.000‾1‾4‾0‾NONAME‾0‾0‾9‾0‾EMPTY_STRING‾EMPTY_STRING‾0.000‾
LoadCase5@3=4‾1‾1‾-1‾6‾-1‾13.000‾16.267‾0‾0‾15.252‾15.252‾1‾1.000‾1‾4‾0‾NONAME‾0‾0‾9‾0‾EMPTY_STRING‾EMPTY_STRING‾0.000‾
LoadCase5@4=0‾1‾2‾-1‾1048577‾-1‾0.000‾26.000‾0‾0‾20.000‾20.000‾1‾1.000‾1‾4‾0‾NONAME‾0‾0‾1‾0‾EMPTY_STRING‾EMPTY_STRING‾0.000‾
LoadCase5@5=1‾1‾2‾-1‾1‾-1‾11.930‾14.070‾0‾0‾30.000‾30.000‾1‾1.000‾1‾4‾0‾NONAME‾7‾0‾4‾0‾EMPTY_STRING‾EMPTY_STRING‾0.000‾
LoadCase6=Dead + Uninhabitable Attic Without Storage‾7‾3‾3‾-1‾1.250‾1.250‾1.250‾1.000‾0‾1‾1‾1:L/240&2:L/180,1:L/180&2:L/120,1:L/180&2:L/120,1:L/90&2:L/80&2:0.375,1:L/90&2:L/80&2:0.375,1:L/180&2:L/120,1:L/180&2:L/120,1:L/90&2:L/80,1:L/90&2:L/80‾3‾7‾0‾19‾5‾-1‾0‾0
LoadCase6@0=0‾1‾1‾-1‾6‾-1‾0.000‾26.875‾0‾0‾20.000‾20.000‾1‾1.000‾1‾4‾0‾NONAME‾0‾0‾0‾0‾EMPTY_STRING‾EMPTY_STRING‾0.000‾
LoadCase6@1=0‾1‾2‾-1‾1048577‾-1‾0.000‾26.000‾0‾0‾20.000‾20.000‾1‾1.000‾1‾4‾0‾NONAME‾0‾0‾1‾0‾EMPTY_STRING‾EMPTY_STRING‾0.000‾
LoadCase6@2=1‾1‾2‾-1‾1048577‾-1‾0.000‾26.000‾0‾0‾20.000‾20.000‾1‾1.000‾1‾4‾0‾NONAME‾0‾0‾4‾0‾EMPTY_STRING‾EMPTY_STRING‾0.000‾
LoadCase7=Dead + 0.6 C-C Wind (Pos. Internal) Case 1‾8‾3‾97‾-1‾1.600‾1.600‾1.600‾1.000‾0‾1‾1‾4:L/240&5:L/180,4:L/180&5:L/120,4:L/180&5:L/120,4:L/90&5:L/80&5:0.375,4:L/90&5:L/80&5:0.375,4:L/180&5:L/120,4:L/180&5:L/120,4:L/90&5:L/90,4:L/90&5:L/90‾8‾8‾0‾33685507‾6‾-1‾0‾0
LoadCase7@0=0‾1‾1‾-1‾6‾-1‾0.000‾26.875‾0‾0‾12.000‾12.000‾1‾1.000‾1‾4‾0‾NONAME‾0‾0‾0‾0‾EMPTY_STRING‾EMPTY_STRING‾0.000‾
LoadCase7@1=5‾1‾0‾1‾2‾-1‾0.000‾3.000‾0‾5‾39.172‾39.172‾0‾1.000‾1‾4‾0‾NONAME‾0‾0‾25‾0‾EMPTY_STRING‾EMPTY_STRING‾0.000‾
LoadCase7@2=5‾1‾0‾1‾2‾-1‾3.000‾13.000‾0‾5‾26.114‾26.114‾0‾1.000‾1‾4‾0‾NONAME‾0‾0‾25‾0‾EMPTY_STRING‾EMPTY_STRING‾0.000‾
LoadCase7@3=5‾1‾0‾2‾6‾-1‾13.000‾16.000‾0‾5‾39.172‾39.172‾0‾1.000‾1‾4‾0‾NONAME‾0‾0‾25‾0‾EMPTY_STRING‾EMPTY_STRING‾0.000‾
LoadCase7@4=5‾1‾0‾2‾6‾-1‾16.000‾26.875‾0‾5‾26.114‾26.114‾0‾1.000‾1‾4‾0‾NONAME‾0‾0‾25‾0‾EMPTY_STRING‾EMPTY_STRING‾0.000‾
LoadCase7@5=6‾1‾1‾-1‾3‾-1‾0.000‾13.000‾0‾5‾5.876‾5.876‾0‾1.000‾1‾4‾0‾NONAME‾0‾0‾17‾0‾EMPTY_STRING‾EMPTY_STRING‾0.000‾
LoadCase7@6=6‾1‾1‾-1‾3‾-1‾13.000‾26.000‾0‾5‾5.876‾5.876‾0‾1.000‾1‾4‾0‾NONAME‾0‾0‾17‾0‾EMPTY_STRING‾EMPTY_STRING‾0.000‾
LoadCase7@7=0‾1‾2‾-1‾1048577‾-1‾0.000‾26.000‾0‾0‾12.000‾12.000‾1‾1.000‾1‾4‾0‾NONAME‾0‾0‾1‾0‾EMPTY_STRING‾EMPTY_STRING‾0.000‾
LoadCase8=Dead + 0.6 C-C Wind (Pos. Internal) Case 2‾9‾3‾97‾-1‾1.600‾1.600‾1.600‾1.000‾0‾1‾1‾4:L/240&5:L/180,4:L/180&5:L/120,4:L/180&5:L/120,4:L/90&5:L/80&5:0.375,4:L/90&5:L/80&5:0.375,4:L/180&5:L/120,4:L/180&5:L/120,4:L/90&5:L/90,4:L/90&5:L/90‾9‾9‾0‾67239939‾7‾-1‾0‾0
LoadCase8@0=0‾1‾1‾-1‾6‾-1‾0.000‾26.875‾0‾0‾12.000‾12.000‾1‾1.000‾1‾4‾0‾NONAME‾0‾0‾0‾0‾EMPTY_STRING‾EMPTY_STRING‾0.000‾
LoadCase8@1=5‾1‾0‾1‾2‾-1‾0.000‾10.000‾0‾5‾26.114‾26.114‾0‾1.000‾1‾4‾0‾NONAME‾0‾0‾26‾0‾EMPTY_STRING‾EMPTY_STRING‾0.000‾
LoadCase8@2=5‾1‾0‾1‾2‾-1‾10.000‾13.000‾0‾5‾39.172‾39.172‾0‾1.000‾1‾4‾0‾NONAME‾0‾0‾26‾0‾EMPTY_STRING‾EMPTY_STRING‾0.000‾
LoadCase8@3=5‾1‾0‾2‾2‾-1‾13.000‾23.875‾0‾5‾26.114‾26.114‾0‾1.000‾1‾4‾0‾NONAME‾0‾0‾26‾0‾EMPTY_STRING‾EMPTY_STRING‾0.000‾
LoadCase8@4=5‾1‾0‾2‾2‾-1‾23.875‾26.000‾0‾5‾39.172‾39.172‾0‾1.000‾1‾4‾0‾NONAME‾0‾0‾26‾0‾EMPTY_STRING‾EMPTY_STRING‾0.000‾
LoadCase8@5=5‾1‾1‾-1‾5‾-1‾26.000‾26.875‾0‾5‾71.814‾71.814‾0‾1.000‾1‾4‾0‾NONAME‾0‾0‾26‾0‾EMPTY_STRING‾EMPTY_STRING‾0.000‾
LoadCase8@6=6‾1‾1‾-1‾3‾-1‾0.000‾13.000‾0‾5‾5.876‾5.876‾0‾1.000‾1‾4‾0‾NONAME‾0‾0‾17‾0‾EMPTY_STRING‾EMPTY_STRING‾0.000‾
LoadCase8@7=6‾1‾1‾-1‾3‾-1‾13.000‾26.000‾0‾5‾5.876‾5.876‾0‾1.000‾1‾4‾0‾NONAME‾0‾0‾17‾0‾EMPTY_STRING‾EMPTY_STRING‾0.000‾
LoadCase8@8=0‾1‾2‾-1‾1048577‾-1‾0.000‾26.000‾0‾0‾12.000‾12.000‾1‾1.000‾1‾4‾0‾NONAME‾0‾0‾1‾0‾EMPTY_STRING‾EMPTY_STRING‾0.000‾
LoadCase9=Dead + 0.6 C-C Wind (Neg. Internal) Case 1‾10‾3‾97‾-1‾1.600‾1.600‾1.600‾1.000‾0‾1‾1‾4:L/240&5:L/180,4:L/180&5:L/120,4:L/180&5:L/120,4:L/90&5:L/80&5:0.375,4:L/90&5:L/80&5:0.375,4:L/180&5:L/120,4:L/180&5:L/120,4:L/90&5:L/90,4:L/90&5:L/90‾6‾10‾0‾33685507‾164‾-1‾0‾0
LoadCase9@0=0‾1‾1‾-1‾6‾-1‾0.000‾26.875‾0‾0‾20.000‾20.000‾1‾1.000‾1‾4‾0‾NONAME‾0‾0‾0‾0‾EMPTY_STRING‾EMPTY_STRING‾0.000‾
LoadCase9@1=5‾1‾0‾1‾2‾-1‾0.000‾13.000‾0‾4‾9.793‾9.793‾0‾1.000‾1‾4‾0‾NONAME‾0‾0‾25‾0‾EMPTY_STRING‾EMPTY_STRING‾0.000‾
LoadCase9@2=5‾1‾0‾2‾6‾-1‾13.000‾26.875‾0‾4‾9.793‾9.793‾0‾1.000‾1‾4‾0‾NONAME‾0‾0‾25‾0‾EMPTY_STRING‾EMPTY_STRING‾0.000‾
LoadCase9@3=6‾1‾1‾-1‾3‾-1‾0.000‾13.000‾0‾4‾5.876‾5.876‾0‾1.000‾1‾4‾0‾NONAME‾0‾0‾17‾0‾EMPTY_STRING‾EMPTY_STRING‾0.000‾
LoadCase9@4=6‾1‾1‾-1‾3‾-1‾13.000‾26.000‾0‾4‾5.876‾5.876‾0‾1.000‾1‾4‾0‾NONAME‾0‾0‾17‾0‾EMPTY_STRING‾EMPTY_STRING‾0.000‾
LoadCase9@5=0‾1‾2‾-1‾1048577‾-1‾0.000‾26.000‾0‾0‾20.000‾20.000‾1‾1.000‾1‾4‾0‾NONAME‾0‾0‾1‾0‾EMPTY_STRING‾EMPTY_STRING‾0.000‾
LoadCase10=Dead + 0.6 C-C Wind (Neg. Internal) Case 2‾11‾3‾97‾-1‾1.600‾1.600‾1.600‾1.000‾0‾1‾1‾4:L/240&5:L/180,4:L/180&5:L/120,4:L/180&5:L/120,4:L/90&5:L/80&5:0.375,4:L/90&5:L/80&5:0.375,4:L/180&5:L/120,4:L/180&5:L/120,4:L/90&5:L/90,4:L/90&5:L/90‾7‾11‾0‾67239939‾165‾-1‾0‾0
LoadCase10@0=0‾1‾1‾-1‾6‾-1‾0.000‾26.875‾0‾0‾20.000‾20.000‾1‾1.000‾1‾4‾0‾NONAME‾0‾0‾0‾0‾EMPTY_STRING‾EMPTY_STRING‾0.000‾
LoadCase10@1=5‾1‾0‾1‾2‾-1‾0.000‾13.000‾0‾4‾9.793‾9.793‾0‾1.000‾1‾4‾0‾NONAME‾0‾0‾26‾0‾EMPTY_STRING‾EMPTY_STRING‾0.000‾
LoadCase10@2=5‾1‾0‾2‾2‾-1‾13.000‾26.000‾0‾4‾9.793‾9.793‾0‾1.000‾1‾4‾0‾NONAME‾0‾0‾26‾0‾EMPTY_STRING‾EMPTY_STRING‾0.000‾
LoadCase10@3=5‾1‾1‾-1‾5‾-1‾26.000‾26.875‾0‾5‾9.793‾9.793‾0‾1.000‾1‾4‾0‾NONAME‾0‾0‾26‾0‾EMPTY_STRING‾EMPTY_STRING‾0.000‾
LoadCase10@4=6‾1‾1‾-1‾3‾-1‾0.000‾13.000‾0‾4‾5.876‾5.876‾0‾1.000‾1‾4‾0‾NONAME‾0‾0‾17‾0‾EMPTY_STRING‾EMPTY_STRING‾0.000‾
LoadCase10@5=6‾1‾1‾-1‾3‾-1‾13.000‾26.000‾0‾4‾5.876‾5.876‾0‾1.000‾1‾4‾0‾NONAME‾0‾0‾17‾0‾EMPTY_STRING‾EMPTY_STRING‾0.000‾
LoadCase10@6=0‾1‾2‾-1‾1048577‾-1‾0.000‾26.000‾0‾0‾20.000‾20.000‾1‾1.000‾1‾4‾0‾NONAME‾0‾0‾1‾0‾EMPTY_STRING‾EMPTY_STRING‾0.000‾
LoadCase11=Dead + 0.6 MWFRS Wind (Pos. Internal) Left‾12‾3‾97‾-1‾1.600‾1.600‾1.600‾1.000‾0‾1‾1‾4:L/240&5:L/180,4:L/180&5:L/120,4:L/180&5:L/120,4:L/90&5:L/80&5:0.375,4:L/90&5:L/80&5:0.375,4:L/180&5:L/120,4:L/180&5:L/120,4:L/90&5:L/90,4:L/90&5:L/90‾6‾12‾0‾139267‾8‾-1‾0‾0
LoadCase11@0=0‾1‾1‾-1‾6‾-1‾0.000‾26.875‾0‾0‾12.000‾12.000‾1‾1.000‾1‾4‾0‾NONAME‾0‾0‾0‾0‾EMPTY_STRING‾EMPTY_STRING‾0.000‾
LoadCase11@1=5‾1‾0‾1‾2‾-1‾0.000‾13.000‾0‾5‾6.233‾6.233‾0‾1.000‾1‾4‾0‾NONAME‾0‾0‾13‾0‾EMPTY_STRING‾EMPTY_STRING‾0.000‾
LoadCase11@2=5‾1‾0‾2‾6‾-1‾13.000‾26.875‾0‾5‾19.097‾19.097‾0‾1.000‾1‾4‾0‾NONAME‾0‾0‾13‾0‾EMPTY_STRING‾EMPTY_STRING‾0.000‾
LoadCase11@3=6‾1‾1‾-1‾3‾-1‾0.000‾13.000‾0‾5‾5.876‾5.876‾0‾1.000‾1‾4‾0‾NONAME‾0‾0‾17‾0‾EMPTY_STRING‾EMPTY_STRING‾0.000‾
LoadCase11@4=6‾1‾1‾-1‾3‾-1‾13.000‾26.000‾0‾5‾5.876‾5.876‾0‾1.000‾1‾4‾0‾NONAME‾0‾0‾17‾0‾EMPTY_STRING‾EMPTY_STRING‾0.000‾
LoadCase11@5=0‾1‾2‾-1‾1048577‾-1‾0.000‾26.000‾0‾0‾12.000‾12.000‾1‾1.000‾1‾4‾0‾NONAME‾0‾0‾1‾0‾EMPTY_STRING‾EMPTY_STRING‾0.000‾
LoadCase12=Dead + 0.6 MWFRS Wind (Pos. Internal) Right‾13‾3‾97‾-1‾1.600‾1.600‾1.600‾1.000‾0‾1‾1‾4:L/240&5:L/180,4:L/180&5:L/120,4:L/180&5:L/120,4:L/90&5:L/80&5:0.375,4:L/90&5:L/80&5:0.375,4:L/180&5:L/120,4:L/180&5:L/120,4:L/90&5:L/90,4:L/90&5:L/90‾7‾13‾0‾147459‾9‾-1‾0‾0
LoadCase12@0=0‾1‾1‾-1‾6‾-1‾0.000‾26.875‾0‾0‾12.000‾12.000‾1‾1.000‾1‾4‾0‾NONAME‾0‾0‾0‾0‾EMPTY_STRING‾EMPTY_STRING‾0.000‾
LoadCase12@1=5‾1‾0‾1‾2‾-1‾0.000‾13.000‾0‾5‾19.097‾19.097‾0‾1.000‾1‾4‾0‾NONAME‾0‾0‾14‾0‾EMPTY_STRING‾EMPTY_STRING‾0.000‾
LoadCase12@2=5‾1‾0‾2‾6‾-1‾13.000‾26.875‾0‾5‾6.233‾6.233‾0‾1.000‾1‾4‾0‾NONAME‾0‾0‾14‾0‾EMPTY_STRING‾EMPTY_STRING‾0.000‾
LoadCase12@3=5‾1‾1‾-1‾5‾-1‾26.000‾26.875‾0‾5‾19.423‾19.423‾0‾1.000‾1‾4‾0‾NONAME‾0‾0‾14‾0‾EMPTY_STRING‾EMPTY_STRING‾0.000‾
LoadCase12@4=6‾1‾1‾-1‾3‾-1‾0.000‾13.000‾0‾5‾5.876‾5.876‾0‾1.000‾1‾4‾0‾NONAME‾0‾0‾17‾0‾EMPTY_STRING‾EMPTY_STRING‾0.000‾
LoadCase12@5=6‾1‾1‾-1‾3‾-1‾13.000‾26.000‾0‾5‾5.876‾5.876‾0‾1.000‾1‾4‾0‾NONAME‾0‾0‾17‾0‾EMPTY_STRING‾EMPTY_STRING‾0.000‾
LoadCase12@6=0‾1‾2‾-1‾1048577‾-1‾0.000‾26.000‾0‾0‾12.000‾12.000‾1‾1.000‾1‾4‾0‾NONAME‾0‾0‾1‾0‾EMPTY_STRING‾EMPTY_STRING‾0.000‾
LoadCase13=Dead + 0.6 MWFRS Wind (Neg. Internal) Left‾14‾3‾97‾-1‾1.600‾1.600‾1.600‾1.000‾0‾1‾1‾4:L/240&5:L/180,4:L/180&5:L/120,4:L/180&5:L/120,4:L/90&5:L/80&5:0.375,4:L/90&5:L/80&5:0.375,4:L/180&5:L/120,4:L/180&5:L/120,4:L/90&5:L/90,4:L/90&5:L/90‾6‾14‾0‾139267‾31‾-1‾0‾0
LoadCase13@0=0‾1‾1‾-1‾6‾-1‾0.000‾26.875‾0‾0‾20.000‾20.000‾1‾1.000‾1‾4‾0‾NONAME‾0‾0‾0‾0‾EMPTY_STRING‾EMPTY_STRING‾0.000‾
LoadCase13@1=5‾1‾0‾1‾2‾-1‾0.000‾13.000‾0‾5‾6.233‾6.233‾0‾1.000‾1‾4‾0‾NONAME‾0‾0‾13‾0‾EMPTY_STRING‾EMPTY_STRING‾0.000‾
LoadCase13@2=5‾1‾0‾2‾6‾-1‾13.000‾26.875‾0‾5‾19.097‾19.097‾0‾1.000‾1‾4‾0‾NONAME‾0‾0‾13‾0‾EMPTY_STRING‾EMPTY_STRING‾0.000‾
LoadCase13@3=6‾1‾1‾-1‾3‾-1‾0.000‾13.000‾0‾4‾5.876‾5.876‾0‾1.000‾1‾4‾0‾NONAME‾0‾0‾17‾0‾EMPTY_STRING‾EMPTY_STRING‾0.000‾
LoadCase13@4=6‾1‾1‾-1‾3‾-1‾13.000‾26.000‾0‾4‾5.876‾5.876‾0‾1.000‾1‾4‾0‾NONAME‾0‾0‾17‾0‾EMPTY_STRING‾EMPTY_STRING‾0.000‾
LoadCase13@5=0‾1‾2‾-1‾1048577‾-1‾0.000‾26.000‾0‾0‾20.000‾20.000‾1‾1.000‾1‾4‾0‾NONAME‾0‾0‾1‾0‾EMPTY_STRING‾EMPTY_STRING‾0.000‾
LoadCase14=Dead + 0.6 MWFRS Wind (Neg. Internal) Right‾15‾3‾97‾-1‾1.600‾1.600‾1.600‾1.000‾0‾1‾1‾4:L/240&5:L/180,4:L/180&5:L/120,4:L/180&5:L/120,4:L/90&5:L/80&5:0.375,4:L/90&5:L/80&5:0.375,4:L/180&5:L/120,4:L/180&5:L/120,4:L/90&5:L/90,4:L/90&5:L/90‾6‾15‾0‾147459‾32‾-1‾0‾0
LoadCase14@0=0‾1‾1‾-1‾6‾-1‾0.000‾26.875‾0‾0‾20.000‾20.000‾1‾1.000‾1‾4‾0‾NONAME‾0‾0‾0‾0‾EMPTY_STRING‾EMPTY_STRING‾0.000‾
LoadCase14@1=5‾1‾0‾1‾2‾-1‾0.000‾13.000‾0‾5‾19.097‾19.097‾0‾1.000‾1‾4‾0‾NONAME‾0‾0‾14‾0‾EMPTY_STRING‾EMPTY_STRING‾0.000‾
LoadCase14@2=5‾1‾0‾2‾6‾-1‾13.000‾26.875‾0‾5‾6.233‾6.233‾0‾1.000‾1‾4‾0‾NONAME‾0‾0‾14‾0‾EMPTY_STRING‾EMPTY_STRING‾0.000‾
LoadCase14@3=6‾1‾1‾-1‾3‾-1‾0.000‾13.000‾0‾4‾5.876‾5.876‾0‾1.000‾1‾4‾0‾NONAME‾0‾0‾17‾0‾EMPTY_STRING‾EMPTY_STRING‾0.000‾
LoadCase14@4=6‾1‾1‾-1‾3‾-1‾13.000‾26.000‾0‾4‾5.876‾5.876‾0‾1.000‾1‾4‾0‾NONAME‾0‾0‾17‾0‾EMPTY_STRING‾EMPTY_STRING‾0.000‾
LoadCase14@5=0‾1‾2‾-1‾1048577‾-1‾0.000‾26.000‾0‾0‾20.000‾20.000‾1‾1.000‾1‾4‾0‾NONAME‾0‾0‾1‾0‾EMPTY_STRING‾EMPTY_STRING‾0.000‾
LoadCase15=Dead + 0.6 MWFRS Wind (Pos. Internal) 1st Parallel‾16‾3‾97‾-1‾1.600‾1.600‾1.600‾1.000‾0‾1‾1‾4:L/240&5:L/180,4:L/180&5:L/120,4:L/180&5:L/120,4:L/90&5:L/80&5:0.375,4:L/90&5:L/80&5:0.375,4:L/180&5:L/120,4:L/180&5:L/120,4:L/90&5:L/90,4:L/90&5:L/90‾6‾16‾0‾163843‾10‾-1‾0‾0
LoadCase15@0=0‾1‾1‾-1‾6‾-1‾0.000‾26.875‾0‾0‾12.000‾12.000‾1‾1.000‾1‾4‾0‾NONAME‾0‾0‾0‾0‾EMPTY_STRING‾EMPTY_STRING‾0.000‾
LoadCase15@1=5‾1‾0‾1‾2‾-1‾0.000‾13.000‾0‾5‾34.928‾34.928‾0‾1.000‾1‾4‾0‾NONAME‾0‾0‾15‾0‾EMPTY_STRING‾EMPTY_STRING‾0.000‾
LoadCase15@2=5‾1‾0‾2‾6‾-1‾13.000‾26.875‾0‾5‾17.301‾17.301‾0‾1.000‾1‾4‾0‾NONAME‾0‾0‾15‾0‾EMPTY_STRING‾EMPTY_STRING‾0.000‾
LoadCase15@3=6‾1‾1‾-1‾3‾-1‾0.000‾13.000‾0‾5‾5.876‾5.876‾0‾1.000‾1‾4‾0‾NONAME‾0‾0‾17‾0‾EMPTY_STRING‾EMPTY_STRING‾0.000‾
LoadCase15@4=6‾1‾1‾-1‾3‾-1‾13.000‾26.000‾0‾5‾5.876‾5.876‾0‾1.000‾1‾4‾0‾NONAME‾0‾0‾17‾0‾EMPTY_STRING‾EMPTY_STRING‾0.000‾
LoadCase15@5=0‾1‾2‾-1‾1048577‾-1‾0.000‾26.000‾0‾0‾12.000‾12.000‾1‾1.000‾1‾4‾0‾NONAME‾0‾0‾1‾0‾EMPTY_STRING‾EMPTY_STRING‾0.000‾
LoadCase16=Dead + 0.6 MWFRS Wind (Pos. Internal) 2nd Parallel‾17‾3‾97‾-1‾1.600‾1.600‾1.600‾1.000‾0‾1‾1‾4:L/240&5:L/180,4:L/180&5:L/120,4:L/180&5:L/120,4:L/90&5:L/80&5:0.375,4:L/90&5:L/80&5:0.375,4:L/180&5:L/120,4:L/180&5:L/120,4:L/90&5:L/90,4:L/90&5:L/90‾6‾17‾0‾196611‾11‾-1‾0‾0
LoadCase16@0=0‾1‾1‾-1‾6‾-1‾0.000‾26.875‾0‾0‾12.000‾12.000‾1‾1.000‾1‾4‾0‾NONAME‾0‾0‾0‾0‾EMPTY_STRING‾EMPTY_STRING‾0.000‾
LoadCase16@1=5‾1‾0‾1‾2‾-1‾0.000‾13.000‾0‾5‾17.301‾17.301‾0‾1.000‾1‾4‾0‾NONAME‾0‾0‾16‾0‾EMPTY_STRING‾EMPTY_STRING‾0.000‾
LoadCase16@2=5‾1‾0‾2‾6‾-1‾13.000‾26.875‾0‾5‾34.928‾34.928‾0‾1.000‾1‾4‾0‾NONAME‾0‾0‾16‾0‾EMPTY_STRING‾EMPTY_STRING‾0.000‾
LoadCase16@3=6‾1‾1‾-1‾3‾-1‾0.000‾13.000‾0‾5‾5.876‾5.876‾0‾1.000‾1‾4‾0‾NONAME‾0‾0‾17‾0‾EMPTY_STRING‾EMPTY_STRING‾0.000‾
LoadCase16@4=6‾1‾1‾-1‾3‾-1‾13.000‾26.000‾0‾5‾5.876‾5.876‾0‾1.000‾1‾4‾0‾NONAME‾0‾0‾17‾0‾EMPTY_STRING‾EMPTY_STRING‾0.000‾
LoadCase16@5=0‾1‾2‾-1‾1048577‾-1‾0.000‾26.000‾0‾0‾12.000‾12.000‾1‾1.000‾1‾4‾0‾NONAME‾0‾0‾1‾0‾EMPTY_STRING‾EMPTY_STRING‾0.000‾
LoadCase17=Dead + 0.6 MWFRS Wind (Pos. Internal) 3rd Parallel‾18‾3‾97‾-1‾1.600‾1.600‾1.600‾1.000‾0‾1‾1‾4:L/240&5:L/180,4:L/180&5:L/120,4:L/180&5:L/120,4:L/90&5:L/80&5:0.375,4:L/90&5:L/80&5:0.375,4:L/180&5:L/120,4:L/180&5:L/120,4:L/90&5:L/90,4:L/90&5:L/90‾6‾18‾0‾537001987‾29‾-1‾0‾0
LoadCase17@0=0‾1‾1‾-1‾6‾-1‾0.000‾26.875‾0‾0‾12.000‾12.000‾1‾1.000‾1‾4‾0‾NONAME‾0‾0‾0‾0‾EMPTY_STRING‾EMPTY_STRING‾0.000‾
LoadCase17@1=5‾1‾0‾1‾2‾-1‾0.000‾13.000‾0‾5‾34.928‾34.928‾0‾1.000‾1‾4‾0‾NONAME‾0‾0‾29‾0‾EMPTY_STRING‾EMPTY_STRING‾0.000‾
LoadCase17@2=5‾1‾0‾2‾6‾-1‾13.000‾26.875‾0‾5‾17.301‾17.301‾0‾1.000‾1‾4‾0‾NONAME‾0‾0‾29‾0‾EMPTY_STRING‾EMPTY_STRING‾0.000‾
LoadCase17@3=6‾1‾1‾-1‾3‾-1‾0.000‾13.000‾0‾5‾5.876‾5.876‾0‾1.000‾1‾4‾0‾NONAME‾0‾0‾17‾0‾EMPTY_STRING‾EMPTY_STRING‾0.000‾
LoadCase17@4=6‾1‾1‾-1‾3‾-1‾13.000‾26.000‾0‾5‾5.876‾5.876‾0‾1.000‾1‾4‾0‾NONAME‾0‾0‾17‾0‾EMPTY_STRING‾EMPTY_STRING‾0.000‾
LoadCase17@5=0‾1‾2‾-1‾1048577‾-1‾0.000‾26.000‾0‾0‾12.000‾12.000‾1‾1.000‾1‾4‾0‾NONAME‾0‾0‾1‾0‾EMPTY_STRING‾EMPTY_STRING‾0.000‾
LoadCase18=Dead + 0.6 MWFRS Wind (Pos. Internal) 4th Parallel‾19‾3‾97‾-1‾1.600‾1.600‾1.600‾1.000‾0‾1‾1‾4:L/240&5:L/180,4:L/180&5:L/120,4:L/180&5:L/120,4:L/90&5:L/80&5:0.375,4:L/90&5:L/80&5:0.375,4:L/180&5:L/120,4:L/180&5:L/120,4:L/90&5:L/90,4:L/90&5:L/90‾6‾19‾0‾1073872899‾30‾-1‾0‾0
LoadCase18@0=0‾1‾1‾-1‾6‾-1‾0.000‾26.875‾0‾0‾12.000‾12.000‾1‾1.000‾1‾4‾0‾NONAME‾0‾0‾0‾0‾EMPTY_STRING‾EMPTY_STRING‾0.000‾
LoadCase18@1=5‾1‾0‾1‾2‾-1‾0.000‾13.000‾0‾5‾17.301‾17.301‾0‾1.000‾1‾4‾0‾NONAME‾0‾0‾30‾0‾EMPTY_STRING‾EMPTY_STRING‾0.000‾
LoadCase18@2=5‾1‾0‾2‾6‾-1‾13.000‾26.875‾0‾5‾34.928‾34.928‾0‾1.000‾1‾4‾0‾NONAME‾0‾0‾30‾0‾EMPTY_STRING‾EMPTY_STRING‾0.000‾
LoadCase18@3=6‾1‾1‾-1‾3‾-1‾0.000‾13.000‾0‾5‾5.876‾5.876‾0‾1.000‾1‾4‾0‾NONAME‾0‾0‾17‾0‾EMPTY_STRING‾EMPTY_STRING‾0.000‾
LoadCase18@4=6‾1‾1‾-1‾3‾-1‾13.000‾26.000‾0‾5‾5.876‾5.876‾0‾1.000‾1‾4‾0‾NONAME‾0‾0‾17‾0‾EMPTY_STRING‾EMPTY_STRING‾0.000‾
LoadCase18@5=0‾1‾2‾-1‾1048577‾-1‾0.000‾26.000‾0‾0‾12.000‾12.000‾1‾1.000‾1‾4‾0‾NONAME‾0‾0‾1‾0‾EMPTY_STRING‾EMPTY_STRING‾0.000‾
LoadCase19=Dead + 0.6 MWFRS Wind (Neg. Internal) 1st Parallel‾20‾3‾97‾-1‾1.600‾1.600‾1.600‾1.000‾0‾1‾1‾4:L/240&5:L/180,4:L/180&5:L/120,4:L/180&5:L/120,4:L/90&5:L/80&5:0.375,4:L/90&5:L/80&5:0.375,4:L/180&5:L/120,4:L/180&5:L/120,4:L/90&5:L/90,4:L/90&5:L/90‾6‾20‾0‾163843‾33‾-1‾0‾0
LoadCase19@0=0‾1‾1‾-1‾6‾-1‾0.000‾26.875‾0‾0‾20.000‾20.000‾1‾1.000‾1‾4‾0‾NONAME‾0‾0‾0‾0‾EMPTY_STRING‾EMPTY_STRING‾0.000‾
LoadCase19@1=5‾1‾0‾1‾2‾-1‾0.000‾13.000‾0‾5‾34.928‾34.928‾0‾1.000‾1‾4‾0‾NONAME‾0‾0‾15‾0‾EMPTY_STRING‾EMPTY_STRING‾0.000‾
LoadCase19@2=5‾1‾0‾2‾6‾-1‾13.000‾26.875‾0‾5‾17.301‾17.301‾0‾1.000‾1‾4‾0‾NONAME‾0‾0‾15‾0‾EMPTY_STRING‾EMPTY_STRING‾0.000‾
LoadCase19@3=6‾1‾1‾-1‾3‾-1‾0.000‾13.000‾0‾4‾5.876‾5.876‾0‾1.000‾1‾4‾0‾NONAME‾0‾0‾17‾0‾EMPTY_STRING‾EMPTY_STRING‾0.000‾
LoadCase19@4=6‾1‾1‾-1‾3‾-1‾13.000‾26.000‾0‾4‾5.876‾5.876‾0‾1.000‾1‾4‾0‾NONAME‾0‾0‾17‾0‾EMPTY_STRING‾EMPTY_STRING‾0.000‾
LoadCase19@5=0‾1‾2‾-1‾1048577‾-1‾0.000‾26.000‾0‾0‾20.000‾20.000‾1‾1.000‾1‾4‾0‾NONAME‾0‾0‾1‾0‾EMPTY_STRING‾EMPTY_STRING‾0.000‾
LoadCase20=Dead + 0.6 MWFRS Wind (Neg. Internal) 2nd Parallel‾21‾3‾97‾-1‾1.600‾1.600‾1.600‾1.000‾0‾1‾1‾4:L/240&5:L/180,4:L/180&5:L/120,4:L/180&5:L/120,4:L/90&5:L/80&5:0.375,4:L/90&5:L/80&5:0.375,4:L/180&5:L/120,4:L/180&5:L/120,4:L/90&5:L/90,4:L/90&5:L/90‾6‾21‾0‾196611‾34‾-1‾0‾0
LoadCase20@0=0‾1‾1‾-1‾6‾-1‾0.000‾26.875‾0‾0‾20.000‾20.000‾1‾1.000‾1‾4‾0‾NONAME‾0‾0‾0‾0‾EMPTY_STRING‾EMPTY_STRING‾0.000‾
LoadCase20@1=5‾1‾0‾1‾2‾-1‾0.000‾13.000‾0‾5‾17.301‾17.301‾0‾1.000‾1‾4‾0‾NONAME‾0‾0‾16‾0‾EMPTY_STRING‾EMPTY_STRING‾0.000‾
LoadCase20@2=5‾1‾0‾2‾6‾-1‾13.000‾26.875‾0‾5‾34.928‾34.928‾0‾1.000‾1‾4‾0‾NONAME‾0‾0‾16‾0‾EMPTY_STRING‾EMPTY_STRING‾0.000‾
LoadCase20@3=6‾1‾1‾-1‾3‾-1‾0.000‾13.000‾0‾4‾5.876‾5.876‾0‾1.000‾1‾4‾0‾NONAME‾0‾0‾17‾0‾EMPTY_STRING‾EMPTY_STRING‾0.000‾
LoadCase20@4=6‾1‾1‾-1‾3‾-1‾13.000‾26.000‾0‾4‾5.876‾5.876‾0‾1.000‾1‾4‾0‾NONAME‾0‾0‾17‾0‾EMPTY_STRING‾EMPTY_STRING‾0.000‾
LoadCase20@5=0‾1‾2‾-1‾1048577‾-1‾0.000‾26.000‾0‾0‾20.000‾20.000‾1‾1.000‾1‾4‾0‾NONAME‾0‾0‾1‾0‾EMPTY_STRING‾EMPTY_STRING‾0.000‾
LoadCase21=Dead + Snow on Overhangs‾22‾3‾17‾-1‾1.150‾1.150‾1.150‾1.000‾0‾1‾1‾1:L/240&2:L/180,1:L/180&2:L/120,1:L/180&2:L/120,1:L/90&2:L/80&2:0.375,1:L/90&2:L/80&2:0.375,1:L/180&2:L/120,1:L/180&2:L/120,1:L/90&2:L/80,1:L/90&2:L/80‾3‾22‾0‾134217731‾15‾-1‾0‾0
LoadCase21@0=0‾1‾1‾-1‾6‾-1‾0.000‾26.875‾0‾0‾20.000‾20.000‾1‾1.000‾1‾4‾0‾NONAME‾0‾0‾0‾0‾EMPTY_STRING‾EMPTY_STRING‾0.000‾
LoadCase21@1=4‾1‾1‾-1‾5‾-1‾26.000‾26.875‾0‾0‾61.600‾61.600‾1‾1.000‾1‾4‾0‾NONAME‾0‾0‾27‾0‾EMPTY_STRING‾EMPTY_STRING‾0.000‾
LoadCase21@2=0‾1‾2‾-1‾1048577‾-1‾0.000‾26.000‾0‾0‾20.000‾20.000‾1‾1.000‾1‾4‾0‾NONAME‾0‾0‾1‾0‾EMPTY_STRING‾EMPTY_STRING‾0.000‾
LoadCase22=Dead + Snow (Unbal. Left)‾23‾3‾17‾-1‾1.150‾1.150‾1.150‾1.000‾0‾1‾1‾1:L/240&2:L/180,1:L/180&2:L/120,1:L/180&2:L/120,1:L/90&2:L/80&2:0.375,1:L/90&2:L/80&2:0.375,1:L/180&2:L/120,1:L/180&2:L/120,1:L/90&2:L/80,1:L/90&2:L/80‾5‾23‾1‾771‾19‾-1‾0‾1
LoadCase22@0=0‾1‾1‾-1‾6‾-1‾0.000‾26.875‾0‾0‾20.000‾20.000‾1‾1.000‾1‾4‾0‾NONAME‾0‾0‾0‾0‾EMPTY_STRING‾EMPTY_STRING‾0.000‾
LoadCase22@1=4‾1‾1‾-1‾6‾-1‾0.000‾13.000‾0‾0‾30.800‾30.800‾1‾1.000‾1‾4‾0‾NONAME‾0‾0‾8‾0‾EMPTY_STRING‾EMPTY_STRING‾0.000‾
LoadCase22@2=4‾1‾1‾-1‾2‾-1‾9.537‾13.000‾0‾0‾21.556‾21.556‾1‾1.000‾1‾4‾0‾NONAME‾0‾0‾8‾0‾EMPTY_STRING‾EMPTY_STRING‾0.000‾
LoadCase22@3=4‾1‾1‾-1‾6‾-1‾13.000‾26.875‾0‾0‾9.240‾9.240‾1‾1.000‾1‾4‾0‾NONAME‾0‾0‾9‾0‾EMPTY_STRING‾EMPTY_STRING‾0.000‾
LoadCase22@4=0‾1‾2‾-1‾1048577‾-1‾0.000‾26.000‾0‾0‾20.000‾20.000‾1‾1.000‾1‾4‾0‾NONAME‾0‾0‾1‾0‾EMPTY_STRING‾EMPTY_STRING‾0.000‾
LoadCase23=Dead + Snow (Unbal. Right)‾24‾3‾17‾-1‾1.150‾1.150‾1.150‾1.000‾0‾1‾1‾1:L/240&2:L/180,1:L/180&2:L/120,1:L/180&2:L/120,1:L/90&2:L/80&2:0.375,1:L/90&2:L/80&2:0.375,1:L/180&2:L/120,1:L/180&2:L/120,1:L/90&2:L/80,1:L/90&2:L/80‾5‾24‾1‾771‾20‾-1‾0‾1
LoadCase23@0=0‾1‾1‾-1‾6‾-1‾0.000‾26.875‾0‾0‾20.000‾20.000‾1‾1.000‾1‾4‾0‾NONAME‾0‾0‾0‾0‾EMPTY_STRING‾EMPTY_STRING‾0.000‾
LoadCase23@1=4‾1‾1‾-1‾6‾-1‾0.000‾13.000‾0‾0‾9.240‾9.240‾1‾1.000‾1‾4‾0‾NONAME‾0‾0‾8‾0‾EMPTY_STRING‾EMPTY_STRING‾0.000‾
LoadCase23@2=4‾1‾1‾-1‾6‾-1‾13.000‾26.875‾0‾0‾30.800‾30.800‾1‾1.000‾1‾4‾0‾NONAME‾0‾0‾9‾0‾EMPTY_STRING‾EMPTY_STRING‾0.000‾
LoadCase23@3=4‾1‾1‾-1‾6‾-1‾13.000‾16.267‾0‾0‾20.336‾20.336‾1‾1.000‾1‾4‾0‾NONAME‾0‾0‾9‾0‾EMPTY_STRING‾EMPTY_STRING‾0.000‾
LoadCase23@4=0‾1‾2‾-1‾1048577‾-1‾0.000‾26.000‾0‾0‾20.000‾20.000‾1‾1.000‾1‾4‾0‾NONAME‾0‾0‾1‾0‾EMPTY_STRING‾EMPTY_STRING‾0.000‾
LoadCase24=Dead + Uninhabitable Attic Storage‾25‾3‾3‾-1‾1.250‾1.250‾1.250‾1.000‾0‾1‾1‾1:L/240&2:L/180,1:L/180&2:L/120,1:L/180&2:L/120,1:L/90&2:L/80&2:0.375,1:L/90&2:L/80&2:0.375,1:L/180&2:L/120,1:L/180&2:L/120,1:L/90&2:L/80,1:L/90&2:L/80‾3‾25‾0‾3‾25‾-1‾0‾1
LoadCase24@0=0‾1‾1‾-1‾6‾-1‾0.000‾26.875‾0‾0‾20.000‾20.000‾1‾1.000‾1‾4‾0‾NONAME‾0‾0‾0‾0‾EMPTY_STRING‾EMPTY_STRING‾0.000‾
LoadCase24@1=0‾1‾2‾-1‾1048577‾-1‾0.000‾26.000‾0‾0‾20.000‾20.000‾1‾1.000‾1‾4‾0‾NONAME‾0‾0‾1‾0‾EMPTY_STRING‾EMPTY_STRING‾0.000‾
LoadCase24@2=1‾1‾2‾-1‾1‾-1‾11.930‾14.070‾0‾0‾40.000‾40.000‾1‾1.000‾1‾4‾0‾NONAME‾7‾0‾4‾0‾EMPTY_STRING‾EMPTY_STRING‾0.000‾
LoadCase25=Dead + 0.75 Snow (bal.) + 0.75 Uninhab. Attic Storage + 0.75(0.6 MWFRS Wind (Neg. Int) Left)‾26‾3‾115‾-1‾1.600‾1.600‾1.600‾1.000‾0‾1‾1‾4:L/240&5:L/180,4:L/180&5:L/120,4:L/180&5:L/120,4:L/90&5:L/80&5:0.375,4:L/90&5:L/80&5:0.375,4:L/180&5:L/120,4:L/180&5:L/120,4:L/90&5:L/90,4:L/90&5:L/90‾9‾29‾0‾139395‾59‾-1‾0‾1
LoadCase25@0=0‾1‾1‾-1‾6‾-1‾0.000‾26.875‾0‾0‾20.000‾20.000‾1‾1.000‾1‾4‾0‾NONAME‾0‾0‾0‾0‾EMPTY_STRING‾EMPTY_STRING‾0.000‾
LoadCase25@1=4‾1‾1‾-1‾6‾-1‾0.000‾13.000‾0‾0‾23.100‾23.100‾1‾1.000‾1‾4‾0‾NONAME‾0‾0‾7‾0‾EMPTY_STRING‾EMPTY_STRING‾0.000‾
LoadCase25@2=4‾1‾1‾-1‾6‾-1‾13.000‾26.875‾0‾0‾23.100‾23.100‾1‾1.000‾1‾4‾0‾NONAME‾0‾0‾7‾0‾EMPTY_STRING‾EMPTY_STRING‾0.000‾
LoadCase25@3=5‾1‾0‾1‾2‾-1‾0.000‾13.000‾0‾5‾4.675‾4.675‾0‾1.000‾1‾4‾0‾NONAME‾0‾0‾13‾0‾EMPTY_STRING‾EMPTY_STRING‾0.000‾
LoadCase25@4=5‾1‾0‾2‾6‾-1‾13.000‾26.875‾0‾5‾14.323‾14.323‾0‾1.000‾1‾4‾0‾NONAME‾0‾0‾13‾0‾EMPTY_STRING‾EMPTY_STRING‾0.000‾
LoadCase25@5=6‾1‾1‾-1‾3‾-1‾0.000‾13.000‾0‾4‾4.407‾4.407‾0‾1.000‾1‾4‾0‾NONAME‾0‾0‾17‾0‾EMPTY_STRING‾EMPTY_STRING‾0.000‾
LoadCase25@6=6‾1‾1‾-1‾3‾-1‾13.000‾26.000‾0‾4‾4.407‾4.407‾0‾1.000‾1‾4‾0‾NONAME‾0‾0‾17‾0‾EMPTY_STRING‾EMPTY_STRING‾0.000‾
LoadCase25@7=0‾1‾2‾-1‾1048577‾-1‾0.000‾26.000‾0‾0‾20.000‾20.000‾1‾1.000‾1‾4‾0‾NONAME‾0‾0‾1‾0‾EMPTY_STRING‾EMPTY_STRING‾0.000‾
LoadCase25@8=1‾1‾2‾-1‾1‾-1‾11.930‾14.070‾0‾0‾30.000‾30.000‾1‾1.000‾1‾4‾0‾NONAME‾7‾0‾4‾0‾EMPTY_STRING‾EMPTY_STRING‾0.000‾
LoadCase26=Dead + 0.75 Snow (bal.) + 0.75 Uninhab. Attic Storage + 0.75(0.6 MWFRS Wind (Neg. Int) Right)‾27‾3‾115‾-1‾1.600‾1.600‾1.600‾1.000‾0‾1‾1‾4:L/240&5:L/180,4:L/180&5:L/120,4:L/180&5:L/120,4:L/90&5:L/80&5:0.375,4:L/90&5:L/80&5:0.375,4:L/180&5:L/120,4:L/180&5:L/120,4:L/90&5:L/90,4:L/90&5:L/90‾9‾30‾0‾147587‾60‾-1‾0‾1
LoadCase26@0=0‾1‾1‾-1‾6‾-1‾0.000‾26.875‾0‾0‾20.000‾20.000‾1‾1.000‾1‾4‾0‾NONAME‾0‾0‾0‾0‾EMPTY_STRING‾EMPTY_STRING‾0.000‾
LoadCase26@1=4‾1‾1‾-1‾6‾-1‾0.000‾13.000‾0‾0‾23.100‾23.100‾1‾1.000‾1‾4‾0‾NONAME‾0‾0‾7‾0‾EMPTY_STRING‾EMPTY_STRING‾0.000‾
LoadCase26@2=4‾1‾1‾-1‾6‾-1‾13.000‾26.875‾0‾0‾23.100‾23.100‾1‾1.000‾1‾4‾0‾NONAME‾0‾0‾7‾0‾EMPTY_STRING‾EMPTY_STRING‾0.000‾
LoadCase26@3=5‾1‾0‾1‾2‾-1‾0.000‾13.000‾0‾5‾14.323‾14.323‾0‾1.000‾1‾4‾0‾NONAME‾0‾0‾14‾0‾EMPTY_STRING‾EMPTY_STRING‾0.000‾
LoadCase26@4=5‾1‾0‾2‾6‾-1‾13.000‾26.875‾0‾5‾4.675‾4.675‾0‾1.000‾1‾4‾0‾NONAME‾0‾0‾14‾0‾EMPTY_STRING‾EMPTY_STRING‾0.000‾
LoadCase26@5=6‾1‾1‾-1‾3‾-1‾0.000‾13.000‾0‾4‾4.407‾4.407‾0‾1.000‾1‾4‾0‾NONAME‾0‾0‾17‾0‾EMPTY_STRING‾EMPTY_STRING‾0.000‾
LoadCase26@6=6‾1‾1‾-1‾3‾-1‾13.000‾26.000‾0‾4‾4.407‾4.407‾0‾1.000‾1‾4‾0‾NONAME‾0‾0‾17‾0‾EMPTY_STRING‾EMPTY_STRING‾0.000‾
LoadCase26@7=0‾1‾2‾-1‾1048577‾-1‾0.000‾26.000‾0‾0‾20.000‾20.000‾1‾1.000‾1‾4‾0‾NONAME‾0‾0‾1‾0‾EMPTY_STRING‾EMPTY_STRING‾0.000‾
LoadCase26@8=1‾1‾2‾-1‾1‾-1‾11.930‾14.070‾0‾0‾30.000‾30.000‾1‾1.000‾1‾4‾0‾NONAME‾7‾0‾4‾0‾EMPTY_STRING‾EMPTY_STRING‾0.000‾
LoadCase27=Dead + 0.75 Snow (bal.) + 0.75 Uninhab. Attic Storage + 0.75(0.6 MWFRS Wind (Neg. Int) 1st Parallel)‾28‾3‾115‾-1‾1.600‾1.600‾1.600‾1.000‾0‾1‾1‾4:L/240&5:L/180,4:L/180&5:L/120,4:L/180&5:L/120,4:L/90&5:L/80&5:0.375,4:L/90&5:L/80&5:0.375,4:L/180&5:L/120,4:L/180&5:L/120,4:L/90&5:L/90,4:L/90&5:L/90‾9‾31‾0‾163971‾65‾-1‾0‾1
LoadCase27@0=0‾1‾1‾-1‾6‾-1‾0.000‾26.875‾0‾0‾20.000‾20.000‾1‾1.000‾1‾4‾0‾NONAME‾0‾0‾0‾0‾EMPTY_STRING‾EMPTY_STRING‾0.000‾
LoadCase27@1=4‾1‾1‾-1‾6‾-1‾0.000‾13.000‾0‾0‾23.100‾23.100‾1‾1.000‾1‾4‾0‾NONAME‾0‾0‾7‾0‾EMPTY_STRING‾EMPTY_STRING‾0.000‾
LoadCase27@2=4‾1‾1‾-1‾6‾-1‾13.000‾26.875‾0‾0‾23.100‾23.100‾1‾1.000‾1‾4‾0‾NONAME‾0‾0‾7‾0‾EMPTY_STRING‾EMPTY_STRING‾0.000‾
LoadCase27@3=5‾1‾0‾1‾2‾-1‾0.000‾13.000‾0‾5‾26.196‾26.196‾0‾1.000‾1‾4‾0‾NONAME‾0‾0‾15‾0‾EMPTY_STRING‾EMPTY_STRING‾0.000‾
LoadCase27@4=5‾1‾0‾2‾6‾-1‾13.000‾26.875‾0‾5‾12.976‾12.976‾0‾1.000‾1‾4‾0‾NONAME‾0‾0‾15‾0‾EMPTY_STRING‾EMPTY_STRING‾0.000‾
LoadCase27@5=6‾1‾1‾-1‾3‾-1‾0.000‾13.000‾0‾4‾4.407‾4.407‾0‾1.000‾1‾4‾0‾NONAME‾0‾0‾17‾0‾EMPTY_STRING‾EMPTY_STRING‾0.000‾
LoadCase27@6=6‾1‾1‾-1‾3‾-1‾13.000‾26.000‾0‾4‾4.407‾4.407‾0‾1.000‾1‾4‾0‾NONAME‾0‾0‾17‾0‾EMPTY_STRING‾EMPTY_STRING‾0.000‾
LoadCase27@7=0‾1‾2‾-1‾1048577‾-1‾0.000‾26.000‾0‾0‾20.000‾20.000‾1‾1.000‾1‾4‾0‾NONAME‾0‾0‾1‾0‾EMPTY_STRING‾EMPTY_STRING‾0.000‾
LoadCase27@8=1‾1‾2‾-1‾1‾-1‾11.930‾14.070‾0‾0‾30.000‾30.000‾1‾1.000‾1‾4‾0‾NONAME‾7‾0‾4‾0‾EMPTY_STRING‾EMPTY_STRING‾0.000‾
LoadCase28=Dead + 0.75 Snow (bal.) + 0.75 Uninhab. Attic Storage + 0.75(0.6 MWFRS Wind (Neg. Int) 2nd Parallel)‾29‾3‾115‾-1‾1.600‾1.600‾1.600‾1.000‾0‾1‾1‾4:L/240&5:L/180,4:L/180&5:L/120,4:L/180&5:L/120,4:L/90&5:L/80&5:0.375,4:L/90&5:L/80&5:0.375,4:L/180&5:L/120,4:L/180&5:L/120,4:L/90&5:L/90,4:L/90&5:L/90‾9‾32‾0‾196739‾66‾-1‾0‾1
LoadCase28@0=0‾1‾1‾-1‾6‾-1‾0.000‾26.875‾0‾0‾20.000‾20.000‾1‾1.000‾1‾4‾0‾NONAME‾0‾0‾0‾0‾EMPTY_STRING‾EMPTY_STRING‾0.000‾
LoadCase28@1=4‾1‾1‾-1‾6‾-1‾0.000‾13.000‾0‾0‾23.100‾23.100‾1‾1.000‾1‾4‾0‾NONAME‾0‾0‾7‾0‾EMPTY_STRING‾EMPTY_STRING‾0.000‾
LoadCase28@2=4‾1‾1‾-1‾6‾-1‾13.000‾26.875‾0‾0‾23.100‾23.100‾1‾1.000‾1‾4‾0‾NONAME‾0‾0‾7‾0‾EMPTY_STRING‾EMPTY_STRING‾0.000‾
LoadCase28@3=5‾1‾0‾1‾2‾-1‾0.000‾13.000‾0‾5‾12.976‾12.976‾0‾1.000‾1‾4‾0‾NONAME‾0‾0‾16‾0‾EMPTY_STRING‾EMPTY_STRING‾0.000‾
LoadCase28@4=5‾1‾0‾2‾6‾-1‾13.000‾26.875‾0‾5‾26.196‾26.196‾0‾1.000‾1‾4‾0‾NONAME‾0‾0‾16‾0‾EMPTY_STRING‾EMPTY_STRING‾0.000‾
LoadCase28@5=6‾1‾1‾-1‾3‾-1‾0.000‾13.000‾0‾4‾4.407‾4.407‾0‾1.000‾1‾4‾0‾NONAME‾0‾0‾17‾0‾EMPTY_STRING‾EMPTY_STRING‾0.000‾
LoadCase28@6=6‾1‾1‾-1‾3‾-1‾13.000‾26.000‾0‾4‾4.407‾4.407‾0‾1.000‾1‾4‾0‾NONAME‾0‾0‾17‾0‾EMPTY_STRING‾EMPTY_STRING‾0.000‾
LoadCase28@7=0‾1‾2‾-1‾1048577‾-1‾0.000‾26.000‾0‾0‾20.000‾20.000‾1‾1.000‾1‾4‾0‾NONAME‾0‾0‾1‾0‾EMPTY_STRING‾EMPTY_STRING‾0.000‾
LoadCase28@8=1‾1‾2‾-1‾1‾-1‾11.930‾14.070‾0‾0‾30.000‾30.000‾1‾1.000‾1‾4‾0‾NONAME‾7‾0‾4‾0‾EMPTY_STRING‾EMPTY_STRING‾0.000‾
LoadCase29=Dead + 0.75 Roof Live (bal.) + 0.75 Uninhab. Attic Storage + 0.75(0.6 MWFRS Wind (Neg. Int) Left)‾30‾3‾1123‾-1‾1.600‾1.600‾1.600‾1.000‾0‾1‾1‾4:L/240&5:L/180,4:L/180&5:L/120,4:L/180&5:L/120,4:L/90&5:L/80&5:0.375,4:L/90&5:L/80&5:0.375,4:L/180&5:L/120,4:L/180&5:L/120,4:L/90&5:L/90,4:L/90&5:L/90‾10‾33‾0‾2236419‾143‾-1‾0‾1
LoadCase29@0=0‾1‾1‾-1‾6‾-1‾0.000‾26.875‾0‾0‾20.000‾20.000‾1‾1.000‾1‾4‾0‾NONAME‾0‾0‾0‾0‾EMPTY_STRING‾EMPTY_STRING‾0.000‾
LoadCase29@1=5‾1‾0‾1‾2‾-1‾0.000‾13.000‾0‾5‾4.675‾4.675‾0‾1.000‾1‾4‾0‾NONAME‾0‾0‾13‾0‾EMPTY_STRING‾EMPTY_STRING‾0.000‾
LoadCase29@2=5‾1‾0‾2‾6‾-1‾13.000‾26.875‾0‾5‾14.323‾14.323‾0‾1.000‾1‾4‾0‾NONAME‾0‾0‾13‾0‾EMPTY_STRING‾EMPTY_STRING‾0.000‾
LoadCase29@3=6‾1‾1‾-1‾3‾-1‾0.000‾13.000‾0‾4‾4.407‾4.407‾0‾1.000‾1‾4‾0‾NONAME‾0‾0‾17‾0‾EMPTY_STRING‾EMPTY_STRING‾0.000‾
LoadCase29@4=6‾1‾1‾-1‾3‾-1‾13.000‾26.000‾0‾4‾4.407‾4.407‾0‾1.000‾1‾4‾0‾NONAME‾0‾0‾17‾0‾EMPTY_STRING‾EMPTY_STRING‾0.000‾
LoadCase29@5=10‾1‾1‾-1‾2‾-1‾0.000‾13.000‾0‾0‾30.000‾30.000‾1‾1.000‾1‾4‾0‾NONAME‾0‾0‾-1‾0‾EMPTY_STRING‾EMPTY_STRING‾0.000‾
LoadCase29@6=10‾1‾1‾-1‾2‾-1‾13.000‾26.000‾0‾0‾30.000‾30.000‾1‾1.000‾1‾4‾0‾NONAME‾0‾0‾-1‾0‾EMPTY_STRING‾EMPTY_STRING‾0.000‾
LoadCase29@7=10‾1‾1‾-1‾5‾-1‾26.000‾26.875‾0‾0‾30.000‾30.000‾1‾1.000‾1‾4‾0‾NONAME‾0‾0‾21‾0‾EMPTY_STRING‾EMPTY_STRING‾0.000‾
LoadCase29@8=0‾1‾2‾-1‾1048577‾-1‾0.000‾26.000‾0‾0‾20.000‾20.000‾1‾1.000‾1‾4‾0‾NONAME‾0‾0‾1‾0‾EMPTY_STRING‾EMPTY_STRING‾0.000‾
LoadCase29@9=1‾1‾2‾-1‾1‾-1‾11.930‾14.070‾0‾0‾30.000‾30.000‾1‾1.000‾1‾4‾0‾NONAME‾7‾0‾4‾0‾EMPTY_STRING‾EMPTY_STRING‾0.000‾
LoadCase30=Dead + 0.75 Roof Live (bal.) + 0.75 Uninhab. Attic Storage + 0.75(0.6 MWFRS Wind (Neg. Int) Right)‾31‾3‾1123‾-1‾1.600‾1.600‾1.600‾1.000‾0‾1‾1‾4:L/240&5:L/180,4:L/180&5:L/120,4:L/180&5:L/120,4:L/90&5:L/80&5:0.375,4:L/90&5:L/80&5:0.375,4:L/180&5:L/120,4:L/180&5:L/120,4:L/90&5:L/90,4:L/90&5:L/90‾10‾34‾0‾2244611‾144‾-1‾0‾1
LoadCase30@0=0‾1‾1‾-1‾6‾-1‾0.000‾26.875‾0‾0‾20.000‾20.000‾1‾1.000‾1‾4‾0‾NONAME‾0‾0‾0‾0‾EMPTY_STRING‾EMPTY_STRING‾0.000‾
LoadCase30@1=5‾1‾0‾1‾2‾-1‾0.000‾13.000‾0‾5‾14.323‾14.323‾0‾1.000‾1‾4‾0‾NONAME‾0‾0‾14‾0‾EMPTY_STRING‾EMPTY_STRING‾0.000‾
LoadCase30@2=5‾1‾0‾2‾6‾-1‾13.000‾26.875‾0‾5‾4.675‾4.675‾0‾1.000‾1‾4‾0‾NONAME‾0‾0‾14‾0‾EMPTY_STRING‾EMPTY_STRING‾0.000‾
LoadCase30@3=6‾1‾1‾-1‾3‾-1‾0.000‾13.000‾0‾4‾4.407‾4.407‾0‾1.000‾1‾4‾0‾NONAME‾0‾0‾17‾0‾EMPTY_STRING‾EMPTY_STRING‾0.000‾
LoadCase30@4=6‾1‾1‾-1‾3‾-1‾13.000‾26.000‾0‾4‾4.407‾4.407‾0‾1.000‾1‾4‾0‾NONAME‾0‾0‾17‾0‾EMPTY_STRING‾EMPTY_STRING‾0.000‾
LoadCase30@5=10‾1‾1‾-1‾2‾-1‾0.000‾13.000‾0‾0‾30.000‾30.000‾1‾1.000‾1‾4‾0‾NONAME‾0‾0‾-1‾0‾EMPTY_STRING‾EMPTY_STRING‾0.000‾
LoadCase30@6=10‾1‾1‾-1‾2‾-1‾13.000‾26.000‾0‾0‾30.000‾30.000‾1‾1.000‾1‾4‾0‾NONAME‾0‾0‾-1‾0‾EMPTY_STRING‾EMPTY_STRING‾0.000‾
LoadCase30@7=10‾1‾1‾-1‾5‾-1‾26.000‾26.875‾0‾0‾30.000‾30.000‾1‾1.000‾1‾4‾0‾NONAME‾0‾0‾21‾0‾EMPTY_STRING‾EMPTY_STRING‾0.000‾
LoadCase30@8=0‾1‾2‾-1‾1048577‾-1‾0.000‾26.000‾0‾0‾20.000‾20.000‾1‾1.000‾1‾4‾0‾NONAME‾0‾0‾1‾0‾EMPTY_STRING‾EMPTY_STRING‾0.000‾
LoadCase30@9=1‾1‾2‾-1‾1‾-1‾11.930‾14.070‾0‾0‾30.000‾30.000‾1‾1.000‾1‾4‾0‾NONAME‾7‾0‾4‾0‾EMPTY_STRING‾EMPTY_STRING‾0.000‾
LoadCase31=Dead + 0.75 Roof Live (bal.) + 0.75 Uninhab. Attic Storage + 0.75(0.6 MWFRS Wind (Neg. Int) 1st Parallel)‾32‾3‾1123‾-1‾1.600‾1.600‾1.600‾1.000‾0‾1‾1‾4:L/240&5:L/180,4:L/180&5:L/120,4:L/180&5:L/120,4:L/90&5:L/80&5:0.375,4:L/90&5:L/80&5:0.375,4:L/180&5:L/120,4:L/180&5:L/120,4:L/90&5:L/90,4:L/90&5:L/90‾10‾35‾0‾2260995‾149‾-1‾0‾1
LoadCase31@0=0‾1‾1‾-1‾6‾-1‾0.000‾26.875‾0‾0‾20.000‾20.000‾1‾1.000‾1‾4‾0‾NONAME‾0‾0‾0‾0‾EMPTY_STRING‾EMPTY_STRING‾0.000‾
LoadCase31@1=5‾1‾0‾1‾2‾-1‾0.000‾13.000‾0‾5‾26.196‾26.196‾0‾1.000‾1‾4‾0‾NONAME‾0‾0‾15‾0‾EMPTY_STRING‾EMPTY_STRING‾0.000‾
LoadCase31@2=5‾1‾0‾2‾6‾-1‾13.000‾26.875‾0‾5‾12.976‾12.976‾0‾1.000‾1‾4‾0‾NONAME‾0‾0‾15‾0‾EMPTY_STRING‾EMPTY_STRING‾0.000‾
LoadCase31@3=6‾1‾1‾-1‾3‾-1‾0.000‾13.000‾0‾4‾4.407‾4.407‾0‾1.000‾1‾4‾0‾NONAME‾0‾0‾17‾0‾EMPTY_STRING‾EMPTY_STRING‾0.000‾
LoadCase31@4=6‾1‾1‾-1‾3‾-1‾13.000‾26.000‾0‾4‾4.407‾4.407‾0‾1.000‾1‾4‾0‾NONAME‾0‾0‾17‾0‾EMPTY_STRING‾EMPTY_STRING‾0.000‾
LoadCase31@5=10‾1‾1‾-1‾2‾-1‾0.000‾13.000‾0‾0‾30.000‾30.000‾1‾1.000‾1‾4‾0‾NONAME‾0‾0‾-1‾0‾EMPTY_STRING‾EMPTY_STRING‾0.000‾
LoadCase31@6=10‾1‾1‾-1‾2‾-1‾13.000‾26.000‾0‾0‾30.000‾30.000‾1‾1.000‾1‾4‾0‾NONAME‾0‾0‾-1‾0‾EMPTY_STRING‾EMPTY_STRING‾0.000‾
LoadCase31@7=10‾1‾1‾-1‾5‾-1‾26.000‾26.875‾0‾0‾30.000‾30.000‾1‾1.000‾1‾4‾0‾NONAME‾0‾0‾21‾0‾EMPTY_STRING‾EMPTY_STRING‾0.000‾
LoadCase31@8=0‾1‾2‾-1‾1048577‾-1‾0.000‾26.000‾0‾0‾20.000‾20.000‾1‾1.000‾1‾4‾0‾NONAME‾0‾0‾1‾0‾EMPTY_STRING‾EMPTY_STRING‾0.000‾
LoadCase31@9=1‾1‾2‾-1‾1‾-1‾11.930‾14.070‾0‾0‾30.000‾30.000‾1‾1.000‾1‾4‾0‾NONAME‾7‾0‾4‾0‾EMPTY_STRING‾EMPTY_STRING‾0.000‾
LoadCase32=Dead + 0.75 Roof Live (bal.) + 0.75 Uninhab. Attic Storage + 0.75(0.6 MWFRS Wind (Neg. Int) 2nd Parallel)‾33‾3‾1123‾-1‾1.600‾1.600‾1.600‾1.000‾0‾1‾1‾4:L/240&5:L/180,4:L/180&5:L/120,4:L/180&5:L/120,4:L/90&5:L/80&5:0.375,4:L/90&5:L/80&5:0.375,4:L/180&5:L/120,4:L/180&5:L/120,4:L/90&5:L/90,4:L/90&5:L/90‾10‾36‾0‾2293763‾150‾-1‾0‾1
LoadCase32@0=0‾1‾1‾-1‾6‾-1‾0.000‾26.875‾0‾0‾20.000‾20.000‾1‾1.000‾1‾4‾0‾NONAME‾0‾0‾0‾0‾EMPTY_STRING‾EMPTY_STRING‾0.000‾
LoadCase32@1=5‾1‾0‾1‾2‾-1‾0.000‾13.000‾0‾5‾12.976‾12.976‾0‾1.000‾1‾4‾0‾NONAME‾0‾0‾16‾0‾EMPTY_STRING‾EMPTY_STRING‾0.000‾
LoadCase32@2=5‾1‾0‾2‾6‾-1‾13.000‾26.875‾0‾5‾26.196‾26.196‾0‾1.000‾1‾4‾0‾NONAME‾0‾0‾16‾0‾EMPTY_STRING‾EMPTY_STRING‾0.000‾
LoadCase32@3=6‾1‾1‾-1‾3‾-1‾0.000‾13.000‾0‾4‾4.407‾4.407‾0‾1.000‾1‾4‾0‾NONAME‾0‾0‾17‾0‾EMPTY_STRING‾EMPTY_STRING‾0.000‾
LoadCase32@4=6‾1‾1‾-1‾3‾-1‾13.000‾26.000‾0‾4‾4.407‾4.407‾0‾1.000‾1‾4‾0‾NONAME‾0‾0‾17‾0‾EMPTY_STRING‾EMPTY_STRING‾0.000‾
LoadCase32@5=10‾1‾1‾-1‾2‾-1‾0.000‾13.000‾0‾0‾30.000‾30.000‾1‾1.000‾1‾4‾0‾NONAME‾0‾0‾-1‾0‾EMPTY_STRING‾EMPTY_STRING‾0.000‾
LoadCase32@6=10‾1‾1‾-1‾2‾-1‾13.000‾26.000‾0‾0‾30.000‾30.000‾1‾1.000‾1‾4‾0‾NONAME‾0‾0‾-1‾0‾EMPTY_STRING‾EMPTY_STRING‾0.000‾
LoadCase32@7=10‾1‾1‾-1‾5‾-1‾26.000‾26.875‾0‾0‾30.000‾30.000‾1‾1.000‾1‾4‾0‾NONAME‾0‾0‾21‾0‾EMPTY_STRING‾EMPTY_STRING‾0.000‾
LoadCase32@8=0‾1‾2‾-1‾1048577‾-1‾0.000‾26.000‾0‾0‾20.000‾20.000‾1‾1.000‾1‾4‾0‾NONAME‾0‾0‾1‾0‾EMPTY_STRING‾EMPTY_STRING‾0.000‾
LoadCase32@9=1‾1‾2‾-1‾1‾-1‾11.930‾14.070‾0‾0‾30.000‾30.000‾1‾1.000‾1‾4‾0‾NONAME‾7‾0‾4‾0‾EMPTY_STRING‾EMPTY_STRING‾0.000‾
LoadCase33=1st Dead + Roof Live (unbalanced)‾34‾3‾1025‾-1‾1.150‾1.150‾1.150‾1.000‾0‾1‾1‾1:L/240&2:L/180,1:L/180&2:L/120,1:L/180&2:L/120,1:L/90&2:L/80&2:0.375,1:L/90&2:L/80&2:0.375,1:L/180&2:L/120,1:L/180&2:L/120,1:L/90&2:L/80,1:L/90&2:L/80‾3‾37‾1‾2097155‾17‾-1‾0‾1
LoadCase33@0=0‾1‾1‾-1‾6‾-1‾0.000‾26.875‾0‾0‾20.000‾20.000‾1‾1.000‾1‾4‾0‾NONAME‾0‾0‾0‾0‾EMPTY_STRING‾EMPTY_STRING‾0.000‾
LoadCase33@1=10‾1‾1‾-1‾2‾-1‾0.000‾13.000‾0‾0‾40.000‾40.000‾1‾1.000‾32‾4‾0‾NONAME‾0‾0‾-1‾0‾EMPTY_STRING‾EMPTY_STRING‾0.000‾
LoadCase33@2=0‾1‾2‾-1‾1048577‾-1‾0.000‾26.000‾0‾0‾20.000‾20.000‾1‾1.000‾1‾4‾0‾NONAME‾0‾0‾1‾0‾EMPTY_STRING‾EMPTY_STRING‾0.000‾
LoadCase34=2nd Dead + Roof Live (unbalanced)‾35‾3‾1025‾-1‾1.150‾1.150‾1.150‾1.000‾0‾1‾1‾1:L/240&2:L/180,1:L/180&2:L/120,1:L/180&2:L/120,1:L/90&2:L/80&2:0.375,1:L/90&2:L/80&2:0.375,1:L/180&2:L/120,1:L/180&2:L/120,1:L/90&2:L/80,1:L/90&2:L/80‾4‾38‾1‾2097155‾17‾-1‾0‾1
LoadCase34@0=0‾1‾1‾-1‾6‾-1‾0.000‾26.875‾0‾0‾20.000‾20.000‾1‾1.000‾1‾4‾0‾NONAME‾0‾0‾0‾0‾EMPTY_STRING‾EMPTY_STRING‾0.000‾
LoadCase34@1=10‾1‾1‾-1‾2‾-1‾13.000‾26.000‾0‾0‾40.000‾40.000‾1‾1.000‾32‾4‾0‾NONAME‾0‾0‾-1‾0‾EMPTY_STRING‾EMPTY_STRING‾0.000‾
LoadCase34@2=10‾1‾1‾-1‾5‾-1‾26.000‾26.875‾0‾0‾40.000‾40.000‾1‾1.000‾32‾4‾0‾NONAME‾0‾0‾21‾0‾EMPTY_STRING‾EMPTY_STRING‾0.000‾
LoadCase34@3=0‾1‾2‾-1‾1048577‾-1‾0.000‾26.000‾0‾0‾20.000‾20.000‾1‾1.000‾1‾4‾0‾NONAME‾0‾0‾1‾0‾EMPTY_STRING‾EMPTY_STRING‾0.000‾
LoadCase35=3rd Dead + 0.75 Roof Live (unbalanced) + 0.75 Uninhab. Attic Storage‾36‾3‾1027‾-1‾1.150‾1.150‾1.150‾1.000‾0‾1‾1‾1:L/240&2:L/180,1:L/180&2:L/120,1:L/180&2:L/120,1:L/90&2:L/80&2:0.375,1:L/90&2:L/80&2:0.375,1:L/180&2:L/120,1:L/180&2:L/120,1:L/90&2:L/80,1:L/90&2:L/80‾4‾39‾1‾2097155‾2‾-1‾0‾1
LoadCase35@0=0‾1‾1‾-1‾6‾-1‾0.000‾26.875‾0‾0‾20.000‾20.000‾1‾1.000‾1‾4‾0‾NONAME‾0‾0‾0‾0‾EMPTY_STRING‾EMPTY_STRING‾0.000‾
LoadCase35@1=10‾1‾1‾-1‾2‾-1‾0.000‾13.000‾0‾0‾30.000‾30.000‾1‾1.000‾32‾4‾0‾NONAME‾0‾0‾-1‾0‾EMPTY_STRING‾EMPTY_STRING‾0.000‾
LoadCase35@2=0‾1‾2‾-1‾1048577‾-1‾0.000‾26.000‾0‾0‾20.000‾20.000‾1‾1.000‾1‾4‾0‾NONAME‾0‾0‾1‾0‾EMPTY_STRING‾EMPTY_STRING‾0.000‾
LoadCase35@3=1‾1‾2‾-1‾1‾-1‾11.930‾14.070‾0‾0‾30.000‾30.000‾1‾1.000‾1‾4‾0‾NONAME‾7‾0‾4‾0‾EMPTY_STRING‾EMPTY_STRING‾0.000‾
LoadCase36=4th Dead + 0.75 Roof Live (unbalanced) + 0.75 Uninhab. Attic Storage‾37‾3‾1027‾-1‾1.150‾1.150‾1.150‾1.000‾0‾1‾1‾1:L/240&2:L/180,1:L/180&2:L/120,1:L/180&2:L/120,1:L/90&2:L/80&2:0.375,1:L/90&2:L/80&2:0.375,1:L/180&2:L/120,1:L/180&2:L/120,1:L/90&2:L/80,1:L/90&2:L/80‾5‾40‾1‾2097155‾2‾-1‾0‾1
LoadCase36@0=0‾1‾1‾-1‾6‾-1‾0.000‾26.875‾0‾0‾20.000‾20.000‾1‾1.000‾1‾4‾0‾NONAME‾0‾0‾0‾0‾EMPTY_STRING‾EMPTY_STRING‾0.000‾
LoadCase36@1=10‾1‾1‾-1‾2‾-1‾13.000‾26.000‾0‾0‾30.000‾30.000‾1‾1.000‾32‾4‾0‾NONAME‾0‾0‾-1‾0‾EMPTY_STRING‾EMPTY_STRING‾0.000‾
LoadCase36@2=10‾1‾1‾-1‾5‾-1‾26.000‾26.875‾0‾0‾30.000‾30.000‾1‾1.000‾32‾4‾0‾NONAME‾0‾0‾21‾0‾EMPTY_STRING‾EMPTY_STRING‾0.000‾
LoadCase36@3=0‾1‾2‾-1‾1048577‾-1‾0.000‾26.000‾0‾0‾20.000‾20.000‾1‾1.000‾1‾4‾0‾NONAME‾0‾0‾1‾0‾EMPTY_STRING‾EMPTY_STRING‾0.000‾
LoadCase36@4=1‾1‾2‾-1‾1‾-1‾11.930‾14.070‾0‾0‾30.000‾30.000‾1‾1.000‾1‾4‾0‾NONAME‾7‾0‾4‾0‾EMPTY_STRING‾EMPTY_STRING‾0.000‾
DesignLoadCases=0
[Hanger Options v4.2000]
Hng0=dbbf1dce-f4e9-483c-a503-c8691cc37325,1,1,1,200,200,0,1,0,0,0,0,0,0,0,1,0,0,0,
Hng1=dbbf1dce-f4e9-483c-a503-c8691cc37325,1,1,1,200,200,0,1,0,0,0,0,0,0,0,1,0,0,0,
Hng2=dbbf1dce-f4e9-483c-a503-c8691cc37325,0,0,0,100,100,0,0,0,0,0,0,0,0,0,1,0,0,0,
Hng3=dbbf1dce-f4e9-483c-a503-c8691cc37325,0,0,0,100,100,0,0,0,0,0,0,0,0,0,1,0,0,0,
[Fastener Options]
0=cb955207-8423-e1fc-dca6-5254493901a1 6 1 cb955207-8423-e1fc-dca6-5254493901a1 6 1 cb955207-8423-e1fc-dca6-5254493901a1 6 1 cb955207-8423-e1fc-dca6-5254493901a1 6 1 cb955207-8423-e1fc-dca6-5254493901a1 6 1 cb955207-8423-e1fc-dca6-5254493901a1 6 1 cb955207-8423-e1fc-dca6-5254493901a1 6 1 cb955207-8423-e1fc-dca6-5254493901a1 6 1 cb955207-8423-e1fc-dca6-5254493901a1 6 1 
[Hanger Conn Info V4.2000]
NoOfHangers=0
NoOfTieDowns=0
[Hanger Loading Info.]
[DATES]

Born On=8.51 Oct 22 2021 SE
Last Saved By=8.53 Sep 22 2022
Last Analyzed By=8.53 Sep 22 2022
Seat ID=WRQ23HF?rFjq3HTx?2YYzfy3owT
Program=UI.exe
[camber section]
CamberUsed=1
CamberMethod=2
CamberFinesse=1
CamberLC=0
CamberAbsolute=0.313564
[Bracing]
Surfaces=0
[Eliminator]
0
[LateralBraces]
NumberOfLateralBraces=0
[Purlins]
NumberOfPurlins=0
[optiframeparent]
Path=
[MASTER VARIANT]
Master=
AlignWebs=1
AlignSplices=0
[Special Quantities]
GableStudAllPlies=0
GableStudPly=1
GableStudPlies=2
FillerAllPlies=1
FillerPlies=
OverhangAllPlies=1
OverhangPlies=
[Stub Data]
Left ByDistance=1
Left MaintainSeatCut=1
Left Legdown=0
Left MaintainOverhangs=0
Left BearingHeight=0.000000
Left Distance=0.000000
Right ByDistance=1
Right MaintainSeatCut=1
Right Legdown=0
Right MaintainOverhangs=0
Right BearingHeight=0.000000
Right Distance=0.000000
[analog]
ChordEndFixityForMatrix=4
AutoFixUnstables=1
MinSpanForFixedPitchBreaksOrHeels=144.000   
[piggyback]
NoteSetting=0
[notesoption]
UpliftConnectionNote=1
[special dimensions]
CanCornerDimension=0
[DAMAGE INFO]
[DADOCUT INFO]
[Fastenings]
SCABS
[Part Name List]
[Condition0]
Quantity=1
TrussID0=8f65aa04-76ef-43c0-b9c0-74172b0e94d7
Condition0Name=c01
[End Verticals]
0.000   0 0.000   0
[EntityType]
ID=39dc0d4d-31fc-723d-9a38-9e3e372c2e2e
CanEditType=0,PropertyResults=75,20=1,0=1,1=0,2=0,3=0,4=0,5=0,6=0,7=0,8=1,9=0,10=0,11=0,12=1,13=0,14=0,15=0,16=0,17=0,18=0,23=0,24=0,25=0,26=0,27=0,28=0,29=0,30=0,31=0,32=0,33=0,34=0,35=1,36=0,37=0,38=0,39=0,40=0,41=0,42=0,43=0,44=0,45=0,46=0,47=0,48=0,49=0,51=1,52=0,55=1,56=0,58=0,59=0,62=0,63=1,70=0,71=0,72=0,73=0,116=0,75=0,102=0,103=0,104=0,105=0,106=0,107=0,108=0,109=0,110=0,111=0,113=0,114=0,74=0,117=0
[MaterialIDList]
0=0,6938b0f3-e305-4262-bbb6-75183918e71e
1=1,f9e4707a-e3ac-44b9-b601-8b851066f86b
2=1,5e37598e-0c09-47b6-99c7-29472d6bf22d
3=1,fc04c1b4-9b6b-42fc-87d2-c0328657a389
4=4,35834d7d-2204-40e4-b67f-934b3176111c
5=4,70191e4d-a4be-4771-b99d-d39e9497173c
6=22,1f17d5de-74eb-b4ca-07a9-dd5ed4aa526a


[ALTERNATE SHIPPING INFO]
AlternateHeight=84.571556
AlternateLength=322.603302
ShippingRotationAngle=-0.888239
